11880
11880.4
11880.6
11881.1
11881.1
11524.2
11507.3
11507.4
11507.1
11488.1
11354.9
11299.4
10951.9
10577.4
9736.89
9737
9727.65
9729.26
8676.21
8600.41
7990.35
7919.08
7335.78
7282.38
7121.56
6126.05
5869.34
5820.37
5598.27
5597.38
5557.14
5408.02
4524.73
4462.89
4391.06
4390.28
4374.87
4338.41
4325.86
4206.69
4171.8
4125.04
4124.86
4084.44
4063.11
4062.23
3929.76
3918.28
3899.59
3531.99
3532.75
3533.36
2424.16
12674.9
12039.8
11979.3
11979
9400.59
9140.38
9080.41
8987.63
8961.8
7950.02
7937.98
7469.24
5431.13
5401.53
4939.01
1.0155
9867.27
9867.35
9825.41
9818.45
9819.22
9784.41
9785.13
9632.72
9631.7
9589.75
9552.41
9540.02
9448.47
9351.21
9351.42
9351.89
9351.97
9352.12
9215.33
8715.84
8715.55
8705.49
8661.52
8661.05
8660.32
8601.1
8573.74
8544.03
8122.01
8121.66
8034.2
8015.49
7995.02
7940.09
7902.77
7902.87
7880.58
7881.15
7880.85
7848.21
9475.99
9476.64
9051.35
8969.98
7711.28
7712.67
6074.53
6041.57
6023.99
5993.96
5266.92
5227.78
5163.45
5163.21
5096.98
4457.12
1642.33
14309.4
13627.2
13490
13489.8
13177.4
13177.5
13080.7
12950
12455
12195.5
12081.5
11980.9
11981.4
11884.6
11885.2
11859.1
11859.4
11778.9
11763.4
11558.7
11516.4
11493.2
11478.2
11369.1
11372.5
11255.6
11259.3
11231.4
11130.9
11049.6
10946.7
10465.9
10425.6
10305.5
9031.26
9002.37
8979.79
8913.14
8577.04
7261.2
7093.88
6759.87
6532.07
6516.78
6459.74
6446.74
6193.15
6072.06
6018.61
6005.04
6006.87
6008.68
5980.9
5568.48
5526.96
5341.45
5290.65
4720.43
3886.1
3810.43
3810.11
3719.39
3719.21
11102.4
10300.7
10301.1
8866.01
8853.78
8841.95
8771.57
8450.35
8384.31
7851.97
7837.53
7737.58
7500.43
7501.49
7409.93
7215.29
11790
11780.1
11780.3
11658.4
11569.5
11569.4
11569.4
11569.4
11569.6
11535.5
11535.4
11534.8
11534.9
11518.5
11520.3
11472.4
11471.9
11471.9
11446.3
10793.1
10717.7
10627.3
10528.4
10248.1
8388.88
8361
8287.31
8229.22
8203.11
8174.44
8146.39
8035.86
7967.42
7866.8
7516.58
7437.36
7436.6
6547.82
5995.5
5367.92
5326.34
5301.41
5274.7
5267.12
5179.65
5179.52
5179.49
5163.76
5039.59
5026.34
4109.03
4109.18
4108.71
4109.06
3678.45
2700.41
2701
2530.26
2530.75
2466.92
2357.25
2357.15
2318.91
2318.66
2300.51
2228.52
2205.15
2205.51
2169.78
2087.94
1706.41
1687.73
1687.76
1513.01
965.917
965.771
935.609
935.69
914.441
914.657
914.872
866.141
866.272
866.237
866.388
866.489
819.512
11575.1
11516
11487.3
11443.3
11370.2
11244.9
11215.3
11053.2
10862.7
10746.8
10607.5
10563.4
10491.9
10404.3
10385
10369.7
10344.2
9766.15
9755.98
9698.03
9680.98
9644.43
9112.14
8501.82
8477.42
6980.26
6143.86
5020.55
4979.48
4966.35
4884.5
4831.31
4788.52
4707.25
4664.53
4109.61
4074.45
3767.87
3738.29
3697.17
3680.75
3463.57
3334.31
3082.23
3081.79
2379.16
2138.02
2092.25
2092.04
1616.16
1413.69
10817.8
10818
10709.2
10709.4
10671.4
10543.7
10380.8
10370.7
10370.7
10360.1
10359.9
9912.73
9911.73
9910.68
9909.78
9802.75
9844.82
9762.06
9395.48
8727.59
8690.58
8691.27
8662.65
8663.03
8664.82
8665.05
8665.54
8599.01
8010.01
7982.08
7983.22
7789.01
7755.78
7007.19
6841.26
6440.65
6262.54
6264.33
6194.12
5089.26
5051.37
4948.4
4913.72
4271.68
3988.51
3989.27
3922.7
3638.3
1330.14
1171.31
8438.9
8439
8352.19
7693.24
7303.5
7211.84
6233.95
6232.53
5527.12
5526.82
5488.74
5441.66
5269.77
4451.88
4424.74
4095.26
4058.51
4033.2
4032.27
3999.55
3997.57
3970.08
3825.51
3787.79
3787.37
3770.97
3513.99
3495.24
3495.08
3495.1
2613.34
1513.6
1513.91
1492.66
1492.5
1477.08
1432.18
10005.2
10005.3
9985.18
9984.94
9985.03
9092.71
8840.64
12723.7
12689.1
11976
11965.7
11939.9
11839.1
11777.4
11224.1
10905
10724.7
10722.3
10013.4
10012.3
9110.53
9104.66
9104.53
9104.26
9099.78
8951.58
8917.64
8866.23
8866.45
8829.56
8645.91
8500.09
8438.45
8425.24
8426.13
8380.14
8346.02
8265.7
8201.23
6848.65
5874.64
5864.23
5638.72
5593.19
5561.27
5344.71
5332.04
5281.6
5196.09
3843.64
3573.95
3493.41
3451.34
3392.18
3391.84
3331.08
3276.33
3262.36
3263.15
3174.89
3015.34
2979.74
2939.61
2921.79
2922.3
2904.68
2892.2
2880.82
12299
12290
12290.3
12220.9
12202.9
12148.7
12149.2
12044.6
12044.5
12044.7
12045.1
11637
10271.9
10214.1
9778.79
9778.49
9778.43
9727.54
9620.12
9620.14
9567.61
9557.55
8567.54
8402.08
8403.32
7150.64
7110.78
7053.92
5920.92
5883.83
5838.08
5789.86
5721.24
5251.5
5223.48
5224
5173.95
4932.21
4889.13
4890.05
4780.79
4334.75
4335.71
4178.62
4148.31
4116.26
4103.97
4103.82
4092.84
4093.67
3892.92
3876.87
3877.48
1.86376
11168.3
11165
11147.4
11087.9
10979.5
10941.5
10908.8
10885.1
10375.7
10373.7
10337.2
10329.9
10218.4
9470.64
9138.38
9112.39
8932.71
8848.3
8710.02
7508.2
7375.19
7033.35
5989.23
5953.85
5138.41
5119.15
5057.3
5037.14
4982.3
4907.08
4140.03
4140.05
3248.76
3025.15
3006.9
2460.36
2417.92
2355.45
10920.9
10914.7
10863.9
10457.1
10354.6
10298.6
10299.6
9253.13
9254.83
9243.13
9241.52
8146.59
8146.22
8113.11
8059.43
7096.92
6998.6
7000.85
5727.83
5656.07
5451.4
4807.43
4678.17
4653.57
4569.52
4417.85
4402.68
4379.61
4348.56
4317.76
4284.05
4130.11
4019.51
3976.9
3976.04
3068.98
2567.78
2517.69
2517.17
1650.93
10362.7
10363.9
10365
10366
10366.1
10306.6
10306.4
10290.4
10289.7
10289.6
10289.5
9851.69
9651.14
9651.5
9617.96
9618.13
9542.79
9511.79
9389.5
7546.55
6968.44
6657.67
6631.24
6548.13
5712.89
1741.65
1643.57
10868.9
10869.4
10839.5
10839.9
10839.8
10789.1
10789.3
10626.4
10626.7
10561.9
10107
10109.4
10077.3
7814.6
6860.77
6849.74
6678.35
6680.28
3.89428
2257.85
2257.85
2098.65
2093.32
2067.3
2005.22
1979.5
1962.54
1911.69
1911.82
1893.99
357.621
357.621
357.663
341.616
323.292
323.33
323.296
8417.42
8417.49
8408.03
5974.74
5975.01
5964.12
5827.08
5670.45
5670.68
5670.7
5659.69
5063.77
5048.67
5006.92
5003.17
5001.08
4931.02
4931.12
4554.57
4554.7
4428.62
4403.73
4171.09
3999.69
4000.48
3064.88
3001.96
2972.86
2946.23
2769.56
2741.75
2741.8
2705.52
2684.24
2683.63
1649.18
1649
1614.7
1564.03
1437.69
261.913
8832.54
8116.86
8116.99
7902.49
7902.6
7890.08
7551.85
7358.76
7347.68
7347.61
7187.6
7187.31
6970.98
6953.31
6496.92
6495.38
6495.05
6495.49
6496.76
6118.31
5822.65
5016.31
4975.1
4895.53
4610.21
4597.18
4597.13
4314.76
4314.14
4212.83
4174.76
4139.09
4069.37
4000.56
3934.09
3710.6
3684.5
3090.88
13171.6
13148.5
13126.3
13126.6
13105.7
12998.5
12763.5
12757.7
12745.5
12733.2
12729.3
12718.1
12625.8
12599
11138.4
11137
11136.9
11023.7
11014.3
10893.3
10886.6
9642.02
9486.95
9290.33
9261.03
9175.89
9119.96
9048.27
8802.82
7804.34
7804.99
7213.67
7214.64
6536.33
6001
5355.3
4349.75
4259.94
4117.27
4085.58
4062.27
4040.92
4040.35
4007.63
3949.76
3949.59
3950.17
3918.23
3905.23
3373.79
3329.86
2925.69
2925.17
2925.14
2799.72
2799.8
2800.19
2800.25
2770.67
2770.77
2757.97
2721.11
2720.98
2721
2721.02
2680.13
2622.31
1763.69
1763.67
1750.57
1605.48
1586.59
1586.4
1515.09
1515.21
1496.29
1496.15
1051.6
834.512
834.477
11350.4
11351.1
11351.6
10590.8
10590.4
10582.1
10582
10583.2
10582.7
10582.2
10325
9534.82
9169.47
9144.2
9145.26
9056.72
9018.72
8903.95
8904.69
8755.18
8155.6
7931.75
7907.74
6075.77
5997.74
5996.39
5923.46
5923.37
5800.63
3162.79
3162.92
3148.4
3133.53
3111.59
3089.55
3000.41
2940.28
2828.93
2585.42
2585.75
13099.1
13099.3
13099.4
13099.5
12977.1
12976.7
12976.4
13039.2
13027.3
12991.9
12943.2
12943.6
12944.5
12934.3
12935
12884.1
12887.8
12472.1
12327.3
8388.18
8242.5
7819.79
7781.83
7259.87
7141.18
6856.78
6794.7
6771.34
6731.57
6731.41
5721.78
5545.9
5498.32
5383.57
5301.45
5137.38
4304.69
4179.12
4113.82
4113.8
4113.87
2538.3
14236.2
14237.2
14238.2
14239.7
13872.5
13532.1
13488.5
13318.5
13265.7
12940
12260.8
12208.8
10533.2
10510.5
10290.6
10231.8
10230.7
10228.3
1986.95
1987.07
1987.22
1960.85
1906.34
1906.51
1906.44
1865.38
1865.28
1865.31
1865.4
1865.31
1840.51
1840.45
1840.45
1382.76
1382.79
1380.07
1380.38
1377.8
1301.97
1301.73
345.908
345.984
346.042
346.081
5138.12
5134.58
5134.95
4983.96
4983.96
4983.83
4983.74
3367.9
3346.69
3313.56
3313.58
3313.53
3293.18
3293.03
3293.1
3251.65
3120.2
3120.3
3111.76
3111.67
3000
2987.25
2987.49
2988.21
2907.64
2907.62
2857.53
2837.62
2821.91
2821.83
2821.81
2821.66
9900.38
9901.85
9868.83
9264.11
8517.82
8307.98
8186.1
7365.55
7237.18
7206.8
7073.19
7033.78
6917.44
6917.01
6858.33
6846.92
6826.58
6797.23
6738.3
6682.68
6650.97
5935.46
5882.12
5360.79
4994.78
4965.76
4967.21
4968.64
4877.79
4742.36
13016.4
13016.7
13016.8
12992.9
12993.2
12692.5
12693.1
12680.9
12439.7
12386.9
12183.3
10869.4
10869.4
10818.7
10754
10614.4
10438.1
10389.6
10229.8
9978.64
8868.87
8609.92
7868.21
7132.45
7097.83
7007.04
6672.01
6673.69
5104.21
4668.98
1.61043
11490.5
11045
11045.2
11007.3
9779.67
9630.32
9630.97
9294.4
9098.49
9055.57
8915.67
8817.51
7169.68
6873.37
5709.07
5690.31
5605.79
5607.07
1.74592
11414
11415.5
11357.2
11357.9
11214.9
11167.8
10502.1
10468.3
10235.8
10204.2
9594.02
9346.87
9135.37
9109.52
9097.86
9087.82
8669.81
8174.34
8142.52
6498.52
5966.91
5189.13
5138.33
5083.71
5084.84
5021.83
4987.79
4943.1
4891.1
4891.89
4892.65
4686.66
4661.05
4660.29
4575.06
4448.67
4332.22
4288
4287.75
4264.73
4264.46
4013.56
4013.09
4012.69
4013.33
3952.24
3941.86
3904.82
3710.36
3430.5
3332.33
3317.56
2982.33
2982.82
2936.32
2924.62
2925.29
1891.52
1891.14
1869.02
1869.24
1869.44
1850.18
1850.31
1850.43
1828.6
1810.15
5294.72
5294.84
5295.26
5295.46
5273.81
5220.84
5000
4973.8
3740.94
3740.78
3740.69
3702.99
3703.16
3702.99
3703.71
3699.22
3692.78
4013.85
4011.4
4011.45
3992.57
3962.85
3187.44
3187.71
3160.71
3160.56
3118.2
2946.28
2337.87
2338.23
1205.63
1205.72
1205.44
1205.17
1204.9
9877.01
9817.59
9749.53
9744.08
9744.4
9673.09
9558.04
9443.62
9334.61
9304.52
9302.2
9043.11
8813.51
8706.14
8686.82
8512.64
8503.05
8457.64
8266.51
8268.17
8185.07
7992.41
7845.18
7787.24
6378.92
6378.54
6378.26
6276.58
6193.38
5615.61
5471.66
4632.48
4510.86
4250.58
1.37689
12045.7
12046.3
12039.5
12039.8
11526.7
11520.3
11520.6
11454.1
11260.3
11143.7
11086.4
11048.3
10279.1
10166.1
10113.7
10100.9
10027.1
10013.9
9712.64
9675.65
9483.47
9454.75
8488.36
11413.7
11414.3
11415.1
10959.4
10935
10935
10923.2
10923.1
10916.1
10860.1
10782.1
10730.6
10726
10675.4
10676.1
10676.3
10677.3
10636.5
10257.2
10191.8
10165.9
10165.5
10163
9279.05
9199.27
9161.73
9083.06
8137.15
8137.26
8137.21
8123.98
7405.94
7406.26
7332.88
7290.84
7291.04
6716.1
6575.08
6539.77
6539.89
6523.76
6523.84
6521.72
6511.03
6510.56
6510.44
6503.66
6501.59
6501.34
6501.35
6501.27
6466.11
6466.28
6466.34
6035.41
5475.95
5476.49
4789.88
4732.84
4703.33
4704.58
4693.13
4615.85
3706.01
3693.33
3693.68
3675.78
3641.33
3640.55
2447.46
2422.36
2406.19
2386.38
2299.2
2266.98
2267
2267.02
2253.88
2253.89
2240.77
2241.09
2215.76
2168.47
2168.49
2168.99
2169.46
2169.69
2119.9
2119.65
1979.75
1926.39
1882.55
1882.72
1839.99
1788.56
1788.55
1788.27
1788.55
1209.2
1022.44
9291.09
8607.03
8099.63
7202.07
7069.8
7008.11
6549.29
6495.68
6496.39
6477.74
6398.31
6398.55
6101.98
5942.98
5675.24
5436.57
5389.32
5378.44
5362.69
5363.99
5365.27
5348.63
5260.88
5167.85
4233.36
2374.87
9507.02
9507.16
9507.8
8255.05
8255.16
8255.3
8255.79
8211.42
8188.02
8135.66
7471.64
7460.92
7319.36
6965.37
6897.7
6895.38
6809.94
6774.53
6745.79
6575.85
6257.13
6256.35
6255.67
7060.33
6460.61
5918.82
5600.42
5515.96
5459.81
5284.37
4685.54
4599.19
4573.45
4574.3
4356.16
4292.53
4064.84
4064.16
4063.7
4063.95
3971.61
3971.82
3080.16
3061.47
3061.78
3061.75
3061.72
2239.36
2239.03
2222.88
2180.78
2116.18
2115.68
2092.13
2039.05
2039.05
2039.02
2038.76
2002.25
1981.1
1956.95
1956.62
1956.6
1465.32
1465
12483.6
12362.7
12326.1
12279.8
12001.7
11386.5
10465.4
10305.5
10234.7
10138.7
10087.3
8885.46
7944.71
7779.39
7570.89
7534.52
7402.49
7338.34
6955.96
6885.58
9826.76
9787.21
9787.5
9777.19
9713.94
8726.47
8727.76
8727.95
8619.33
8620.06
8607.16
8581.78
8449.66
8386.65
8105.45
7707.31
7137.44
7112.41
7095.9
7078.04
6317.81
6221.51
6206.73
6207.8
6120.09
6086.13
6019.86
6018.73
5594.31
4368.7
4182.89
4135.32
4096.94
4095.87
4032.11
3838.71
3820.33
3797.17
3660.58
3648.24
3648.24
3460.73
3460.58
3431.34
3402.48
3372.9
3325.36
3252.02
3211.95
3212.14
3197.91
3134.1
2664.2
1728.26
13897.2
13214.4
12842
12369.2
11984.8
11923.1
11241.2
11196.3
10086.4
9631.34
9188.67
9141.04
9122.74
8293.07
8131.51
8059.16
8061.8
8064.62
7873.19
6816.83
6576.56
14750.8
14751.1
14733
14705.9
14636.1
14280.5
13779
13779.4
13767.8
12749
12723.6
12713.8
12715.1
12696.3
11704.2
11646
11530.6
11304.9
11264
11121.2
10866.6
10798
10731.2
10522.8
10259.7
10226.7
10173.8
10101.5
10031.4
10012.3
9967.5
9904.51
9815.23
8611.03
7984.31
7887.7
7845.73
7771.33
7570.59
6936.75
6774.79
6048.96
5964.59
5915.88
5844.39
5845.48
5761.89
5726.52
5646.94
5615.91
5590.7
5416.61
5388.75
5375.13
5351.69
5337.95
5339.06
5340.01
4297.92
11816.9
11817.6
10958.5
10947.6
10947.4
11103
10997.2
10833.5
10601
10540.6
9827.96
9797.2
9206.82
9208.08
9023.94
8965.87
8437.52
4551.76
4551.35
4516.68
4473.46
4437.33
4397.98
3734.74
3588.59
3448.76
3300.16
3299.52
3242.72
3242.32
3241.94
3211.01
3192.38
1693.02
13431.8
13432.1
12358.5
12359.3
12346.2
12340.5
12172.7
12173.4
11381.9
11344.8
9738.26
9587.07
9444.55
9433.23
8839.9
8839.48
8839.25
8453.06
8451.8
8064.58
8026.85
8026.8
8027.58
8026.5
8002.68
8002.45
7991.16
7986.08
7986.84
7755.99
7682.99
7657.32
6007.39
5932.3
5894.89
5857.48
5021.93
4941.65
4665.48
4665.37
4640.42
4640.32
4086.56
4075.33
4075.19
4059.08
3989.68
3537.01
3483.31
3424.23
2733.76
2684.16
2684.46
2684.47
2663.17
2662.91
2662.37
2576.25
2576.01
1892.91
1854.62
1854.58
1828.72
1782.51
1782.82
1783.18
1745.02
1691.61
14386.9
12376
12322.9
12308.9
12309.5
12309.2
12308.5
12251
12251.2
12251.5
12251.5
12251.5
12201.2
12202.1
12164.8
12112.5
11093.8
11026.3
10882.8
10880.4
10879.5
10879.1
10714.8
10714.3
6667.85
6609.75
6500.54
5995.98
5922.12
5752.43
5675.2
5663.28
5565.67
5479.05
5299.63
5178.83
5179.08
5179.99
4894.29
4867.16
4319.35
4232.36
4233.44
4234.05
4215.63
3748.74
3735.86
3735
3645.98
3629.63
3629.63
3598.89
3598.95
3427.73
3423.11
3369.09
3369.25
3368.76
3368.68
3308.19
3308.26
3308.6
3270.73
3009.41
3009.23
2994.66
3104.17
3088.89
3075.32
2946.24
2946.01
2945.74
2945.74
2921.73
2872.07
2863.53
2805.2
2805.3
2759.39
2463.65
2463.64
2463.53
2375.58
2301.2
2301.24
2302.16
2302.24
2114.2
2067.51
2067.56
2067.62
2045.47
1910.4
1890.96
1876.61
1876.93
1877.1
1825.29
1810.1
1796.89
1608.56
1459.59
1459.76
1052.35
8288.41
8288.45
8240.53
8237.62
7433.52
7424.32
6633.6
6572.28
6572.2
5651.14
5499.27
5131.72
4274.03
4217.33
4193.26
3991.31
3975.32
3770.67
3383.41
3369.5
3368.94
2826.33
2803.51
2789.73
2721.45
2610.27
2545.36
2530.78
2516.29
2504.42
2452.67
1603.98
556.631
556.564
11903.9
10771.5
10501.2
10490.1
9407.01
8356.53
7908.05
7908.05
7907.93
7859.24
7774.65
7774.49
7774.46
7705.91
7694.93
7602.95
7556.03
7555.96
8929.18
8657.38
8641.33
8619.06
8442.65
8442.54
8442.35
8442.29
8181.32
8161.69
8022.44
7359.17
6981.59
6858.38
6641.43
6388.05
6278.61
6253.36
6233.89
6173.36
6154.07
6153.49
4949.84
4734.41
4689.08
4552.33
3819.28
3690.04
3690.73
3659.32
3638.9
3607.88
3578.41
15016.3
15009.6
14996.9
14950.4
14950.9
14432.9
14383.8
14142.8
14136
14135.9
14134.4
9387.69
7964.58
7691.12
7684.2
7647.12
7636.28
7453.85
7435.35
6870.23
6662.15
5438.8
5030.21
5030.33
5017.15
4995.49
4996.15
4882.15
4490.51
4491.39
4380.5
4337.16
4321.84
4242.72
4182.4
4014.78
3962.62
3745.1
3745.09
3745.08
3745.09
3712.23
3711.97
3711.86
3701.1
3670.94
3443.99
3381.49
3340.56
3308.93
2456.82
2387.6
2334.69
2334.19
2219.06
2159.37
1519.96
1501.83
1389.38
1389.71
1390.04
1332.33
1332.64
1242.95
1242.94
1221.35
1221.3
1201.02
1200.77
1200.52
1200.29
1200.25
1164.86
1095.19
8891.52
8847.88
8746.7
7930.65
7817.65
7817.61
7817.57
7817.44
7817.27
7151.61
7151.91
7008.7
7004.06
6432.96
6387.89
6369.65
6309.2
6279.86
6216.77
6216.38
5908.61
5689.7
4913.75
4914.28
4915.06
4916.5
4574.7
4575.13
4536.78
4536.44
4536.21
4516.56
4476.94
9417.65
9418.66
9418.71
9418.81
9419.01
9419.5
9250.87
9231.4
9226.42
9226.78
8855.34
8856.01
8844.01
8828.2
8811.1
8795.85
8795.66
8796.03
8784.18
8623.89
8529.84
8529.76
8528.25
8280.22
8280.05
7946.51
7946.48
6985.85
6985.67
6699.25
6620.57
6620.59
4446.3
3652.93
3649.37
3649.41
3649.21
3635.17
3591.92
3591.94
3558.17
3542.54
3522.96
3522.77
3510.4
3876.8
3877.94
3821.94
3807.6
2997.01
2981.57
2942.18
2942.55
2593.75
2556.58
2538.21
2517.18
2517.16
2517.14
2452.81
2418.5
2336.88
2295.86
2279.38
2246.95
2247.16
2247.31
2141.02
2140.53
2140.25
2140.24
2122.36
2075.31
1782.14
1782.21
1688.75
1688.52
1668.43
1667.94
1668.03
1646.35
1646.46
1646.59
1646.59
1547.18
1547.25
1547.37
1547.45
1547.69
1547.94
1512.81
1512.79
896.447
862.486
862.306
862.129
840.733
676.81
522.199
8574.37
8574.88
8575.41
7717.2
7718.1
7708.84
6917.74
6679.79
6678.9
6653.38
6312.99
6312.21
6079.18
5777.8
5745.94
5747.45
5705.78
5696.17
5647.42
5557.43
5505.75
5505.04
5471.09
5469.61
5430.19
5402.09
5153.66
5152.54
1167.43
9637.58
9590.69
9188.12
9187.84
9188.08
9137.12
9127.98
8214.63
7774.6
7736.4
7653.36
7513.63
7211.87
7199.46
7201.19
7121.33
3573.58
5303.59
5286.8
5013.93
4783.31
4783.31
3852.39
3836
3622.38
3610.69
3588.83
3588.75
3459.33
3451.96
3236.19
3209.82
3120.35
3120.34
3107.33
3093.2
2997.32
2938.88
2939.51
2890.67
2834.51
2806.05
2806.2
2806.08
2806.2
2806.07
10348.7
10349.1
10349.1
10319.9
10306.2
10305.8
7827.81
7761.4
7761.57
7761.65
7751.48
7746.5
7708.7
7572.23
7347.58
6601.05
6552.29
5957.97
5929.01
5929.66
5929.59
5893.78
5866.87
5781.63
4845.65
4818.13
4701.26
4700.94
4666.19
4633.78
4541.39
4540.4
3902.95
3901.97
3875.26
3873.38
1818.83
1794.38
1781.17
1781.03
1781.06
1736.76
1646.04
899.862
899.914
899.87
900.016
874.864
993.721
13735.5
13724.7
13684.6
13675.1
13675.7
13677.3
13655
12546.8
12240.5
11183
10959.5
10961.4
10952.6
10312.7
10273.3
10210.7
9085.82
7944.48
7854.8
7822.29
7757
7723.51
7708.23
7675.9
7079.62
7077.62
6762.79
6763.51
6661.62
5753.67
5531.82
5504.97
5487.81
5486.14
4484.3
4461.94
4432.18
4431.08
3700.18
3699.61
2564.99
14362.9
14363.1
14354.9
14355.3
14356.1
12842.4
12617.6
12566
12320.4
12110.8
11239.6
11180.6
11153.1
11098.4
10948
9741.1
9627.65
9554.54
9464.71
9395.06
9047.94
9018.18
8587.42
6902.75
6870.85
6684.42
5955.35
5956.16
5225.9
4549.28
4498.07
4318.09
4305.47
4234.75
4092.97
4054.48
4055.02
4042.82
4003.03
3989.95
3857.47
3857.6
3797.66
3740.19
3727.52
3608.05
1.72922
14389.1
14357
14262.8
14242.3
13738.4
13692.5
13001.7
12827.3
12721.9
12619.9
11633.6
11584.6
11583.8
11577.3
11248
11230.5
11095.3
11083
11029.2
11015.6
11008.2
10780.9
10764.8
10756.2
10758.3
10719.1
10719.3
10720.7
10632.6
10442.8
10016.2
9901.15
9883.87
9762.71
9488.27
9387.98
8907.02
8887.45
8824.79
8785.42
7264.45
7247.56
7005.9
6489.41
6401.42
5538.9
5505.75
5285.8
2.74883
10509.3
10513.2
10514.4
10514.1
9573.09
9572.97
9572.91
9391.85
9392.98
9332.41
9192.55
9191.77
9127.85
9126.6
7931.96
6934.75
6860.63
6842.76
6830.18
6613.55
5882.9
9230.13
9215.42
9215.63
9215.73
9216.04
9132.83
8743.23
8641.07
8641.34
8642.55
8644.94
8352.22
8256.48
8255.88
7120.15
6533.35
6506.04
6432.2
6431.9
6432.61
6421.79
5276.4
5243.11
4224.08
4158.87
4158.8
4158.74
4158.61
4152.04
4152.12
4121.74
4101.97
4102.29
4102.38
4102.21
4098.6
3515.68
3515.76
3467.39
3467.2
3467.23
3467.38
3467.49
3456.66
3360.89
3361.7
3343.87
2371.76
2299.53
2143.57
2129.81
2012.54
2012.63
2012.86
10800.5
10786.5
10772.9
10773.5
10649.8
10378.3
10321.3
9969.61
9961.66
9157.18
9092.19
8960.05
8639.64
8122.41
8121.95
7963.84
7924.91
7505.86
7380.86
7143.98
6821.68
5950.43
5864.06
5395.51
5329.12
5211.61
5173.5
5139.02
4214.67
3458.77
1756.49
1756.52
1756.55
1756.82
1757.19
1393.92
1387.86
1367.53
1367.56
791.541
770.335
770.244
646.717
646.674
645.998
646.075
646.035
641.672
469.325
449.542
449.618
439.659
430.82
13540.1
13540.4
13540.7
13540.9
12815.2
12804.4
12606.2
12217.2
12149.5
12149.4
12149.3
12149.1
11059.4
10999.5
10977.1
10932.6
10418.1
10395.5
7303.04
7303.26
6640.19
6406.45
6406.62
6407.5
5672.91
5673.37
5673.36
5575.39
4774.34
4769.27
4768.27
4664.05
4650.67
4650.22
4649.92
4648.11
4550.66
4543.53
4540.71
4535.17
4475.02
4475.41
4388.89
4332.12
4309.31
4309.07
4281.11
4264.97
4081.97
2735.2
2735.27
2726.53
2725.72
2715.01
2641.1
2641.2
1668.14
1664.62
1650.28
1494.18
1494.45
1494.43
1467.82
1467.52
9999.96
9984.55
9879.59
9880.15
9881.42
9723.4
9723.43
9672.95
9513.72
9454.54
9296.86
9168.88
9114.11
9028.97
9002.57
8887.06
8860.49
6383.03
5817.18
5707.4
4805.51
4675.19
4256.68
4224.98
4199.06
3779.33
3767.89
3574.31
3535.6
3535.86
3536.36
3524.07
3452.85
3452.71
3452.59
3424.41
3409.11
3385.28
2897.74
2862.62
2862.02
2820.58
2794.36
2794.31
2781.92
2677
2627.85
2627.8
2522.94
2460.17
2459.67
10920.5
10602.2
10537.7
10526.5
10520.1
10493.6
10455.4
9887.15
9862.61
9596.89
9345.68
8847.05
8827.05
8738.4
8694.53
8490.71
8426.18
8358.73
8282.29
8151.92
7980.95
7954.27
7941.34
7459.52
7150.83
6543.21
6528.24
6445.52
6444.96
6285.94
5823.87
4949.87
4908.5
4835.47
4428.92
4068.54
4043.08
4042.78
2507.61
2463.88
1.0674
9758.67
9196.33
9097.15
8957.35
8105.61
8076.89
8066.82
7833.77
7283.6
7273.06
7168.12
6745.14
6621.36
6600.54
6509.23
6414.14
6129.06
5844.63
5799.97
4705
2.12531
9310.26
9310.7
8978.32
8978.39
7796.59
7781.42
7781.86
7781.94
7781.97
7664.76
7660.18
6124.16
6054.58
5888.43
5519.46
5519.13
5513.1
5504.78
5469.83
5258.5
5225.71
5226.66
5151.41
5061.67
5027.62
5027.61
5027.46
4716.47
4706.76
4705.84
4705.71
4705.5
4267.56
4267.66
4016.53
3936.16
3936.42
3935.9
3935.85
3882.09
3882.09
3725.75
3725.03
3696.13
3692.71
3692.91
3663.9
3605.91
3604.79
3604.71
3048.88
3037.11
3037.41
2997.06
2921.95
2675.36
2645.23
1388.28
819.336
746.044
746.014
745.985
12880.3
12845.9
12456.1
11590.6
11477.7
11478.4
11475.5
11482.5
11455.3
11456.2
11413.2
11401.4
11367.5
11344.8
11301.2
11288.4
11265.9
11109.7
7912.62
7873.35
7873.23
7820.26
7799.79
7798.3
7787.48
7730.74
7729.24
7117.83
7118.22
7095.44
6456.27
6454.93
6454.08
5243.6
2854.58
2854.66
2854.73
2854.94
2590.32
2590.62
2553.49
2467.7
2436.86
2437.29
1750.26
1750.36
766.142
745.329
545.453
545.372
421.199
14126.7
12418.7
12418.9
12409.1
12268.3
8696.52
8508.41
8105.5
8003.73
7971.87
7775.75
7775.77
7746.7
6173.68
6172.97
6116.48
6100.86
5872.88
5819.13
5817.44
5804.58
5371.03
5356.62
2985.36
2985.71
2286.42
11486.3
11486.5
11459.9
9842.99
9818.74
9821.2
9810.75
9772.41
9736.09
9704.23
8786.86
8773.45
8763.38
8764.59
8022.07
7929.15
6964.28
6629.08
6335.99
5861.45
5830.39
5829.41
5425.72
5137.05
5137.25
5137.27
5093.51
5059.89
5006.34
4340.95
4329.96
3547.1
3547.59
3499.8
2919.88
2893.74
2861.54
2160.56
1817.41
1817.36
1803.14
1734.25
1734.23
1635.94
1636.1
1636.25
1567.48
1567.36
1546.23
1546.45
1546.57
1492.95
1493.11
1428.67
1428.8
1428.86
1428.89
1311.25
1311.48
1278.61
895.258
895.394
895.536
879.803
813.092
747.43
725.061
705.089
331.348
14241
14243.1
14243
12327.1
12327.8
12321.5
12321.5
12320.9
12126.9
11315.2
11257.6
11191.2
10933.3
10931.2
10918.4
10675.7
10652.2
10632.3
10458.3
9456.95
9458.83
8618.97
8619.3
6819.44
6802.73
6771.68
6608.13
5657.74
5499.83
3895.18
14934
14938.3
14774.9
14484.6
13952
13735.9
13633.4
12871.7
11837.4
11250.1
11211.8
11165.7
11080.1
11080
11179.2
10282
10246.7
10236
10021.8
8234.86
8172.85
8173.06
8173.62
7690.69
7645.2
7632.18
7397.73
7383.47
7167.59
7155.63
7144.57
5650.01
4979.22
4946.7
4787.19
3289.4
3289.09
3272.74
3187.9
3187.63
3157.75
3144.93
2951.94
2922.38
2860.63
2824.34
2730.89
2526.71
2526.66
2295.44
2295.34
2295.24
2295.14
2295.05
2217.57
7658.65
7646.12
7641.48
7487.87
7488.25
7488.41
7488.5
7117.86
7117.37
4920.97
4921.43
4233.5
4203.31
4158.25
4158.31
4158.85
4159.17
4136.52
4123.76
3020.69
3021.01
2283.09
2283.55
2249.15
2108.77
2090.06
2090.41
2090.76
2091.16
12006.6
12003.4
12003.5
11960.6
11541.2
11541.7
11542.2
11531.8
11532.8
11520.9
11520.8
11520.5
11520.1
11416.2
11416.1
11017.4
9926.25
9926.15
9801.75
9790.34
9590.02
9506.29
9506.43
9506.49
9469.36
9469.31
9235.24
9218.39
9218.72
9184.99
9169.48
2564.79
2564.8
2561.46
2529.69
2250.63
2250.09
1995.56
1948.4
1948.31
1948.25
1948.64
1848.28
1645.6
1645.79
1628.8
1342.6
455.012
2358.27
1590.34
1587.45
937.69
937.771
937.852
937.955
938.057
922.666
2229.98
2090.38
2090.52
1289.13
1289.1
1174.51
1174.19
917.871
601.107
601.362
490.354
435.62
435.559
435.497
420.436
420.278
323.59
200.964
200.909
152.261
123.481
13050.2
13050.7
13051.5
12795.6
12796.4
11818.8
11456.4
11456.5
11456.8
11250.5
11250.4
11250
11236.8
11005.9
10945
10930.1
10929.8
10929.3
8187.04
8160.94
7482.32
6015.91
5962.69
5947.97
5925.3
5900.84
5898.12
5895.68
5821.41
5806.43
5796.58
5762.95
5764.57
5752.95
5649.52
5599.56
5327.47
4754.39
4721.21
4654.7
4514.83
4313.86
4301.85
4286.44
4151.67
4138.21
1902.96
1887.1
1887.39
1887.53
1887.77
1887.79
1224.99
14574
14539.7
14528.7
12803.1
12344.6
12324.7
12325.6
12246.3
12232.1
12186.5
12159.2
12158.3
12158.1
11299.2
11265
11262.1
11261.1
11537.3
11533.8
11533.9
11534.1
11510
11510.5
10916.4
10683.1
10683.5
10683.7
10545.5
10540.7
10540.1
10494.7
11685.8
9914.48
9432.59
8917.53
8827.94
8825.95
8712.43
8504.62
8343.03
7594.42
7443.26
10122.3
10113
10034.8
10036.2
9983.42
9786.85
9511.99
9325.67
9271.44
9153.23
9125.59
9113.27
9060.72
7960.19
7960.07
7694.23
7640.65
7324.58
6315.43
6313.98
6313.69
7053.09
7048.71
6909.57
6822.6
6788.12
6774.46
6164.27
6146.35
6132.06
6121.63
6117.62
6031.49
5738.8
5507.48
5341.84
5235.37
5186.22
5101.38
5014.25
4729.25
4709.04
4708.84
4708.78
4634.29
4605.68
10003.4
10003.5
10004.3
10003.9
9411.37
9384.76
9384.8
8905.13
8851.96
8793.93
8768.73
8652.26
8632.48
8623.24
7282.11
7158.59
6334.25
6335.17
6149.62
5467.46
5453.23
5156.7
5155.83
4954.29
4937.95
4924.96
4924.64
4909.6
4841.28
4597.59
4487.59
4288.43
4270.93
4233.38
4233.16
3659.11
3560.26
2518.24
2426.48
2392.01
1417.42
1390.02
958.132
10297.9
10299.7
7378.87
7295.08
7295.24
7285.21
7267.55
7227.2
7196.78
7196.09
7181.9
7150.54
7150.7
7150.95
7150.73
6196.09
6196.3
6196.26
6196.27
6056.7
6057.32
6034.47
5784.89
5750.36
5688.35
4929.89
4929.77
4897.18
4866.07
4835.51
4818.37
4801.88
4722.38
4697.18
4697.1
4651.84
4629.92
4560.22
4541.79
4541.76
4546.58
4546.62
4522.98
4453.86
16717.5
16631
16422.8
16423
16278.7
16264.9
16253.4
16235.3
13527.2
13527.5
12464.6
12415.1
12237.5
12237.6
12213.3
11860.1
11850.9
11385.2
1131.8
4811.84
4518.51
4310.35
4281.41
2554.05
2113.56
2113.13
2112.97
2094.63
2079.3
1502.81
1482.64
1451.64
1216.09
1216.26
1216.43
1124.38
1091.78
720.858
686.323
609.092
609.188
10946.3
10866.1
10856.6
10857.3
10842.5
10833.6
10227.4
9980.21
9966.74
9981.69
9981.85
9732.93
9733
9733.25
8956.02
8475.46
8397.27
8397.01
8396.99
8397.1
8282.71
8205.04
8200.21
8047.47
7866.95
7340.29
7282.82
7225.3
6302.6
6221.97
6222.4
6190.48
6191.43
6144.63
6115.69
6036.96
5592.16
5553.1
5486.35
5486.43
5468.97
5467.94
5392.4
5293.55
5239.86
5239.92
5240.15
5241.01
5193.72
5168.62
3988.58
3988.55
3918.25
3855.56
3855.65
3605.55
3554.55
3554.51
3487.86
1509.66
1509.46
11954.7
11149.6
11118.1
11103.8
11101.1
11101.3
11082.1
10312.3
10212.8
10090.2
10009.3
9328.39
8362.55
8312.13
8193.49
7649.56
7610.12
7588.12
7546.14
7520.97
7429.2
7277.31
5772.37
5762.6
5668.19
5485.55
5453.55
5355.17
5276.69
5277.39
1.25095
10909.7
10909.8
10856.3
10837.5
10837.1
9997.83
9998.11
9956.55
9758.27
9501.7
9358.43
9347.4
9272.57
9269.85
9269.82
9211.11
9195.85
9186.89
9187.23
9177.34
9046.02
8976.66
8447.54
8353.8
8355.95
8291.7
8211.02
8111.13
6670.04
6547.4
5951.95
5924.53
5896.94
5114.65
5114.34
5102.25
4029.38
4028.35
3954.95
3953.99
3744.29
3287.6
2576.27
2576.33
2576.38
2518.67
2462
2457
2457.25
2457.38
2113.25
2113.67
2088.51
2063.5
2017.21
1941.99
1700.78
1700.92
1604.32
11499.7
11490
11368.4
11218.5
11218.3
11218
11211.4
11135.7
11055.1
10854.3
10772.1
10348.7
10094.3
9983.69
9862.65
9507.53
9469.58
9409.42
6088.89
5994.79
5995.47
5996.49
5980.27
5944.01
5854.32
5834.29
5833.97
4907.52
4888.67
4429.33
4399.2
4114.7
4114.25
4101.92
4074.25
4074.61
4046.01
3948.28
3904.27
3853.24
3773.76
12622.3
12596.4
12596.3
12596
12527.3
12527.2
12526.5
12514.2
12501.3
12356.3
12274.6
12241
11955
11955
11955
11841
11827.5
11827.1
11827.1
11804.9
9723.43
7150.67
7150.77
7116.51
7111.67
7112.06
7098.32
7098.47
7026.32
7026.71
7028.13
6867.51
6132.27
6131.84
6060.65
6041.55
6041.3
6041.14
6041.28
6041.6
6027.81
6012.15
5948.05
5948.8
5934.66
5934.48
5821.05
5404.95
5285.87
5261.13
4444.2
4444.16
4430.83
4415.83
4163.41
4135.25
3923.88
3923.07
3839.93
3591.37
3591.41
3591.51
2647.44
2647.15
2605.78
2604.86
2597.16
2584.76
2578.59
2247.6
2248.01
2117.06
2092.39
2028.67
2028.89
2029.11
2029.39
1880.82
1088.33
1088.21
6040.39
6004.81
6005
5966.49
5966.21
5936.88
5936.92
5937.01
5936.98
5929.46
5919.87
5854.95
5623.3
5623.2
5608.03
5607.4
5607.11
5592.94
5592.37
5596.77
5597.67
5597.78
5570.73
11420.3
11420.5
11421.1
11422.8
11423.2
10517.5
10513.4
10439.1
9440.36
8694.13
8292.48
7231.81
7149.77
6699.87
6600.62
6052.32
5904.75
5905.75
5892.52
5854.87
5744.87
5653.68
5578.83
5578.71
5499.1
5420.24
4718.45
4719.59
4647.18
4611.56
4597.91
4598.17
4598.6
2.29631
11036
10980
10955.1
10955.7
9732.63
9735.69
9585.16
9471.97
9453.7
8646.39
8580.22
8577.79
8394.94
7753.04
7683.23
7668.18
7668.07
7439.23
7427.58
7362.11
6093.12
5891.23
5886.37
6064.41
6016.36
5947.12
5421.92
5393.2
4467.58
4468.11
4411.01
4398.34
3405.55
3389.91
3356.6
3296.28
3250.53
3213.71
3185.36
2562.16
2542.84
2471.13
2471.61
2185.46
9286.35
9284.45
9260.63
8361.95
8347.49
8347.7
8347.71
8347.52
7673.48
7673.56
7629.87
7630.13
7591.19
7577.26
6973.43
6973.41
6973.48
6949.58
6948.47
6659.86
6600.93
6587.15
6587.23
6560.9
6547.83
6510.08
5632.65
5590.26
5524.19
5372.78
5032.64
5032.52
5032.39
5032.36
5023.11
4975.65
4942.47
4910.11
4830.74
4806.98
4044.74
4045.51
4046.18
4046.62
3978.99
3978.62
3840.63
3787.66
3788.16
3787.88
3142.64
3025.06
2987.06
2938.11
2938.39
2902.48
2428.64
1859.38
10568
10568.3
10555.6
9732.36
9731.61
9712.2
9690.13
9690.05
9636.68
9560.33
9166.85
8892.82
8882.55
8847.31
8846.24
9663.22
9663.7
9238.18
9238.09
6627.12
5973.71
5931.19
6036.76
6037.55
6038.09
5997.11
5997.43
5579.59
5579.84
5558.34
5239.02
5202.13
5170.69
5169.51
4742.33
4709.62
4636.92
4637.07
4625.06
3740.3
3620.41
3619.57
3595.21
3594.8
3556.52
3525.98
3503.57
3473.14
3463.28
3318.01
3318.07
3318.32
2900.74
2832.83
2096.22
626.566
5740.04
5741.26
5741.53
5741.63
5741.71
5413.83
5413.32
5382.9
5326.92
5326.96
5326.82
5326.82
5232.51
5183.73
5184.07
5160.26
5086.16
5037.72
5012.02
4968.66
4932.51
4911.6
4839.92
4739.02
4737.96
4463.67
4404.87
4385.5
4385.21
4385.06
4392.49
4333.55
4317.81
4315.09
4315.03
4291.18
4255.65
4056.07
4056.53
16364.7
16350.4
16351.3
16352.5
16339.5
16280.1
16254.7
15594.3
15312.8
13265.6
13222.1
13191.4
13148
12000.8
11223.8
10819.5
10309.3
10168.6
10148.9
10124
9348.16
9181.01
1.14444
11431.8
11428.5
11356.3
11346.8
11347.5
11292.8
11293.5
10954.7
10954.5
10949
10922.2
10854
10770.8
10770.9
10594.5
10588.2
10590
10581.2
10219.9
8956.84
8559.71
8500.11
8415.48
8414.7
7747.24
7539.7
7468.09
7455.5
7098.51
6672.49
6656.81
6655.48
5947.48
5099.97
5028.93
4992.96
7165.17
7151.94
6074.63
6031.17
3547.46
3547.47
3545.35
3375.44
3337.64
3324.42
3324.45
3287.04
3287.1
3287.69
3287.85
3261.34
3245.64
2935.94
2910.83
2858.65
2829.75
2814.91
2790.6
2790.31
2790.7
2673.59
2640.79
2640.71
2620.24
1652.49
1628.99
1629.15
1514.98
1496.58
1322.15
892.758
892.708
892.658
7054.44
7055.08
6851.37
6851.3
6838.06
6837.99
6837.42
6707.78
6707.97
5773.64
5773.22
5773.2
5773.09
5773.2
5773.33
5738.88
5696.98
5299.88
5299.76
4605.94
4577.56
4577.55
4551.9
4425.29
4334.96
4335.02
4184.64
4153.67
4083.84
4084.01
4084.42
3846.52
3846.76
3677.83
3678.01
3653.1
3654.62
2478.92
2479.03
1535.74
1535.8
695.339
12532.8
12522.6
12371.9
12372.2
11330.1
10621.6
10621.6
10200.3
9774.15
9761.86
9709
9708.59
9018.71
8920.88
8885.65
8525.22
8510.46
8465.08
7562.4
7103.55
7044.98
6324.18
6255.75
6231.13
6232.36
6214.69
6215.73
5571.21
4507.16
4425.86
4309.32
4240.92
4183.9
4184.08
3511.69
3511.27
3510.86
3466.35
2122.89
2071.95
2024.08
2023.72
1949.62
1933.99
1861.51
1823.41
1808.06
1759.85
1760.18
1760.5
1760.78
1760.65
1611.79
1581.33
921.569
16317.4
15882.1
15381.6
15381.9
15370.2
15330
15196.2
13559.4
13543.4
13044.8
13041.4
13041.8
13041.9
13038.4
12987.2
12987.5
12853.7
12851.6
12851.8
12852
12664.6
11903
11894.1
11894.2
11671.3
11671.2
8605.2
8566.89
8249.77
8250.45
8239.63
8222.89
8223.36
8092.38
7805.22
7805.14
7788.56
7776.15
7775.71
7775.26
1813.86
1619.78
1619.85
1619.9
1359.08
1162.6
499.698
499.636
499.574
499.512
471.784
422.724
422.737
389.543
353.084
353.071
353.059
353.046
11717.2
11717.6
11707.6
11701.4
11595.7
11144.3
10659.7
10549.9
10537.1
10537.1
10536.8
10422.1
10373.6
10373.4
9502.81
9503.05
14004.8
14005.5
14007
14007.1
13334
13297
8508.65
8236.05
7988.12
7922.58
7724.99
7475.01
6283.2
6258.65
5565.06
5540.74
4346.45
3581.14
2312.22
2262.27
1958.8
1958.95
1959.29
1959.76
1960.22
1943.93
1943.91
1943.67
1943.89
992.863
911.358
904.204
887.581
887.601
837.543
578.964
483.006
332.267
324.004
269.837
269.706
11450.2
11441
11413.6
11280.5
11163.5
8780.01
8693.77
8338.16
8317.68
8304.69
8217.95
8139.55
7738.24
7628.26
7576.74
7491.06
5972.82
4913.75
4833.1
4270.91
9546.84
9547.13
9445.8
9440.53
9441.42
9442.68
9405.12
8428.04
8430.06
8410.23
8375.86
8216.49
8170.55
7837.95
7797.89
7774.2
7055.33
6972.38
6958.61
6932.52
6121.97
6053.8
6033.45
6033.59
6033.82
4943.89
4610.19
4610.49
4598.45
4598.3
4254.12
4253.32
4204.93
4094.94
4083.46
4071.5
4052.89
3488.08
3488.14
3488.17
3468.88
3444.66
2374.09
2308.4
2235.65
2183.91
2138.22
2137.89
2053.14
2052.87
2014.71
1969.86
1074.42
8806.88
8807.15
8633.79
8634.98
7452.82
7377.94
7219.16
7152.36
6151.35
5253.47
5210.78
5173.3
5154.23
4840.12
4692.12
4628.47
4612.32
4575.38
4575.67
4574.91
4560.88
4463.59
4046.6
4029
4011.35
4012.01
3954.3
3953.35
3916.76
3483.76
3464.11
3445.79
3446.27
3370.4
3370.11
2259.05
2258.53
2210.35
2209.98
9990.53
9506.38
9495.71
9479.58
9473.4
9422.34
9422.04
8900.98
8787.19
8783.85
8449.01
8449.13
8449.35
8449.74
8301.87
8304.75
7674.04
7676.45
7633.07
7577.96
7565.73
6573.11
6573.24
6334.23
6269.91
5441.75
5440.23
5399.39
5362.3
5337.31
5312.96
5201.38
5183.44
5144.53
5110.74
5064.77
5036.46
5025.35
5026.38
5011.49
4666.75
4573.08
1.07028
14758
14760.4
14590.1
14515.8
14190.6
13340.6
12945.7
12920.7
12848.6
12744.2
12736.2
12592.1
12533.4
12411.9
12250.9
10422.3
10324.8
10303.8
10257
10255.1
10138.4
9907.89
7430.78
5957.23
5958.56
5944.13
5410.67
5338.24
5321.84
5284.46
5284.91
5283.74
4960.61
4932.51
4897.26
4896.41
10343.8
10336.9
10316.7
10112.9
10089.2
9997.31
9979.85
9925.97
9926.25
9927.34
9927.13
9888.7
1329.31
1329.36
1298.85
1298.86
1280.27
1280.35
1280.93
1280.97
1280.99
240.816
205.556
205.47
6921.45
3507.57
3496.59
3474.55
3297.03
3284.73
3284.18
2842.2
1811.97
10383.1
10298.8
10299.3
10288
10288
9595.77
8949.33
8948.72
8948.26
4569.41
4437.47
4437.34
4437.4
4317.63
3882.44
3882.52
3882.62
3882.64
3618
3618.61
3618.64
3486.79
3486.76
3473.76
3473.73
3464.42
3464.55
3171.42
3088.3
3086.12
3071.83
3072.38
2861.02
2842.42
2842.56
2635.66
2635.59
2508.02
2441.96
2441.78
2414.47
2239.05
2184.6
2184.36
2184.13
1499.69
1477.22
1423.97
469.165
10231.1
10231.5
10220.8
10220.9
10221.4
10222.3
9097.21
9078.44
8457.96
8441.47
8408.75
6933.16
6281.95
6263.22
4659.93
4658.57
3831.74
3797.81
3419.54
1679.12
1679.13
1644.72
1644.61
1635.99
1636.26
1636.09
1630.52
1630.52
1630.53
1610.06
1465.15
1461.6
1460.42
1460.49
1460.79
1420.58
1420.78
1420.84
1413.87
1395.31
1360
1272.47
1272.14
1100.72
1100.67
1100.74
1100.91
1100.5
1023.11
1004.34
1004.53
982.068
982.251
982.435
982.555
982.697
967.128
966.896
966.667
966.585
944.785
944.733
806.795
806.945
807.027
807.034
807.04
751.99
751.843
717.321
691.668
691.611
575.757
575.638
575.643
575.661
515.123
515.163
515.204
478.098
344.731
344.759
260.209
260.232
12621.9
12622.6
12623
12623.9
6887.07
6754.72
6679.36
6636.97
6071.93
6006.83
5906.38
5857.59
5856.78
5843.76
5831.6
5758.16
5671.63
5670.97
5569.43
5569.26
5569.18
5554.51
5554.06
5553.45
5198.58
5198.71
5112.34
5095.66
4828.29
4793.14
4774.89
4723.01
8589.35
8437.48
8423.22
8421.99
8421.43
8406.63
8406.62
8406.5
8406.1
8406
8405.88
8108.67
8013.56
7762.85
7622.53
7477.43
7299.85
7276.38
7251.79
7224.67
6485.84
6448.49
6446.3
6361.25
6244.06
6240.31
6240.13
6159.92
6150.43
6149.67
6113.95
5312.12
5299.4
5190.83
5191.1
5007.57
4988.64
4988.65
4988.57
4317.39
4317.4
4317.85
4301.99
4284.35
4122.17
4108.93
4108.92
3922.82
3921.63
3851.49
3849.2
3849.4
3849.48
2453.16
2453.67
2454.18
2454.69
2455.11
2374.98
2375.25
2311.77
1653.36
1653.3
1653.25
1578.4
1547.16
1547.06
1546.96
1525.93
16296.7
16252.4
16245.9
15787.7
15757.8
14371.4
14313.3
14144.5
13944.9
13843.4
13503.7
12483.2
11407.7
10424.1
10223
10113.2
9465.37
9463.75
9329.92
9184.74
8962.37
8963.39
8825.16
8804.95
8764.26
8725.64
8199.01
8199.04
8052.96
8022.49
7740.96
7699.32
7465.26
7268.82
7234.43
7167.07
7074.64
6387.04
6266.08
6176.63
6150.27
6129.28
6025.1
5766.95
12720.3
12707
12707.4
12692.8
12652.8
12653.7
12623.8
11330.8
11330.8
11319.3
11224.2
11219.3
10163
10107.3
9883.06
9824.97
9743.42
9743.43
9728.01
9482.78
9482.7
9063.84
9063.62
8971.72
7965.88
7891.99
7879.61
7837.83
7542.81
7170.57
7152.38
4309.67
3799.9
3318.86
3280.36
3225.84
3213.59
3213.46
3213.15
3212.85
2638.94
2565.1
2513.05
2512.5
2511.97
9005.02
9005.73
8952.54
8790.14
8768.9
8091.17
7883.25
6752.45
6015.06
4589.74
3998.11
3945.89
3912.89
3728.76
3638.25
9094.24
9080.15
9081.04
9066.64
8354.27
7046.41
6823.75
6823.93
6824.52
6779.62
6778.73
6760.93
6759.24
6741.87
6742.06
6742.81
6696.01
6652.42
6638.92
6571.96
6411.07
6369.9
6093.64
6081.62
6055.76
4858.54
4784.86
4767.08
738.875
7911.73
7901.04
7900.9
7883.27
9379.57
9379.94
9197.49
8344.52
8151.6
7902.83
7902.85
7897.52
7897.59
7897.35
7897.53
7869.92
7605.78
6809.13
3458.13
3442.22
3441.44
3440.73
3440.21
3439.72
3305.76
301.936
14674.1
14674.2
14662.3
13730.8
13731.1
13085.7
13086.9
13023.6
13024
12944.9
12919.3
12921
12887.9
12175.7
11942.6
11022.2
10581.5
10543.7
10355.4
9987.07
9896.9
9894.73
9869.37
9849.23
9509.05
9445.41
9379.11
8706.15
8645.87
8612.34
7983.54
7869.39
7290.47
7204.28
7175.67
7072.14
7015.94
6563.94
6565.77
6096.22
6097.83
6084.08
6074.09
6062.51
6002.43
5975.13
5933.64
5856.42
5770.09
5517.65
4812.59
4813.92
1466.96
12120.7
11978.6
11933.3
11862.8
11850
11054.5
10872.5
10796.8
10651.2
9269.24
9131.58
8858.93
8768.43
8745.36
8417.32
7621.14
5298.11
5233.75
5235.15
5235.94
5123.5
5016.88
4694.14
3769.7
3623.23
9096.05
9072.45
8792.25
8746.06
8630.65
8119.04
8119.3
8119.61
8119.73
8065.84
7984.11
7983.91
7886.71
6566.78
6440.65
4672.09
4508.73
4496.77
4353.34
3345.43
3032
2944.79
2502.37
2454.38
2414.85
2399.83
1648.06
9490.91
9491.03
8302.34
8087
8087.04
7882.65
7852.56
7810.18
7749.47
7749.22
7749.1
6511.66
6439.29
6452.66
6086.98
5986.82
5959.97
5936.86
5788.7
5773.09
5578.1
4994.41
4994.13
4962.01
4954.48
4954.19
4922.82
4909.72
4897.27
4897.48
4896.56
4894.39
4815.75
4815.36
4815.25
5204.85
5177.13
4717.29
4717.27
4702.37
4652.4
4614.38
4607.06
8832.85
8726.92
8727.4
8721.54
8707.83
8708.03
8707.98
8708.18
8641.07
7794.86
7780.18
7695.33
7695.39
7580.6
6744.82
5998.9
5870.03
1457.86
1457.89
1428.71
1428.76
1373.61
1207.68
1192.65
1192.72
1122.2
1122.32
1122.44
8114.18
8114.41
8114.18
8108.49
8108.8
7331.57
7331.81
7330.97
7329.99
4291.19
4291.33
4291.64
4232.16
3862.78
3863.25
3863.26
3782.96
3433.82
2813.24
2791.98
2792.18
2762.35
2762.37
2678.35
2456.94
2448.64
2323.53
2269.52
2269.64
2269.76
2270.05
2250.42
2250.79
2233.75
1963.41
1963.57
1886.03
1098.3
932.275
557.408
557.337
12302.4
11914.2
11903.7
11719.1
10748.7
10666.8
10631.8
10634.2
10541.5
9829.39
9601.54
9125.8
9124.77
8516.2
8467.21
8421.16
8264.75
7523.23
6792.5
6790.9
6675.64
6662.99
311.526
5289.75
3854.39
3765.25
3738.02
3737.73
3644.86
3626.66
3500.7
3453.54
2955.72
2942.08
2850.66
2812.77
2812.13
2811.49
2747.2
2735.19
2720.32
2703.2
2576.8
2577.23
2577.02
2577.5
2577.98
2519.73
2497.61
2454.69
2454.51
10224.4
10224.6
10149.1
10148.5
10148.7
10097.2
10074.9
9868.69
9705.29
9572.88
8478.14
7933.77
7835.22
7727.96
6573.25
6559.56
6475.57
4661.99
4649.49
4544.84
4544.45
2926.51
2926.31
2913.23
2913.17
2831.89
2814.14
2800.5
2933.82
2905.76
5111.41
5100.55
5078.12
4827.36
4827.52
4498.4
4481.39
3585.29
3582.59
12394.5
12395.3
12395.5
12395.5
12395.4
12147.7
12086.2
11706.4
11625.7
11583
11535.5
11352.2
11325.7
11225.4
10637.9
10040.4
7438.39
7408.75
5893.09
17008.3
17008.4
17009.4
16754.9
16751
16717.4
16718.1
16718.2
16718.2
16679.8
16649
16397.7
16398.2
16398.5
16339.4
16249
16127.3
16117.7
16118.4
15853.6
15843.8
15833.4
15821.1
15498.5
15439.4
14884.8
14678.1
13926.8
13926.2
13912.4
13630.8
13630.2
12472.1
12472.2
12418.4
12418.5
12411.9
12357.9
12328.5
12315.5
12117.3
11708.1
11708.7
11708.8
11700
11539.5
10700.3
9841.88
8682.17
8641.96
8051.59
8050.92
8041.85
7987.54
7948.03
6860.81
6860.66
6838.43
6815.57
6716.88
7171.34
7128.07
7107.16
7072.57
6478.55
6465.79
6417.52
6349.46
6350.47
6340.34
6327.17
6237.31
6238.19
6219.23
6198.03
5709.68
5684.07
5625.97
5533.87
5534.61
5475.84
5442.06
5441.19
5240.7
5230.42
5201.8
5188.75
4625.87
4153.29
3724.78
3724.88
3724.91
3697.95
1.00537
11311.8
10814.7
10815.1
10816.4
10774.1
10764.1
10765.7
10669.6
10493.3
9401.38
8876.3
8798.1
7941.45
7904.54
6239.27
5914.61
5913.92
5023.2
5022.23
5020.76
4959.01
4890.65
4862.16
4828.68
4119.69
4119.6
4102.32
3619.91
3619.44
2727.86
2727.46
1705.62
1705.41
1691.79
1691.94
1692.09
1337.48
1337.49
1269.49
13298.2
13299.2
12440.3
12440.9
10278.8
10059.4
10012.7
9966.16
8347.38
8254.79
8206.54
8171.07
7836.75
7346.79
7310.94
7209.73
7199.01
7145.07
6879.35
6737.13
6724.42
6714.19
5743.17
5519.74
5455.61
5345.76
5333.63
5281.48
5280.5
5264.91
4866.18
4779.44
4746.99
3832.66
3832.77
2855.55
2349.14
2332.35
2332.91
2316.38
2241.16
2225.57
2177.57
2104.01
15367.9
15358.8
15240.5
9858.16
8546.58
8531.8
8438.15
8414.35
8318.31
8305.79
8251.22
8238.03
8018.69
7993.73
7028.84
6905.53
6752.36
6751.93
6752.59
5739.6
5614.53
5485.79
5487.16
5473.47
5474.2
5474.39
5458.11
5458.03
4980.01
4900.64
4865.58
4864.87
4512.71
3591.3
3544.25
3532.08
3493.89
3476.62
3472.34
3287.16
3140.49
3139.72
3138.98
2980.88
2980.37
2980.03
2980.78
2419.31
2419.43
2419.49
2419.52
2406.9
2350.04
1321.35
1387.7
1319.14
1319.27
1245.21
1241.91
1220.72
1220.69
1186.29
1186.36
1186.3
1183.16
1057.44
1057.55
1057.67
305.43
271.059
271.121
271.184
271.246
271.308
9348.63
9348.93
9349.51
9348.8
9205.95
8442.83
8292.55
8254.2
5805.42
5805.27
5754.37
7153.27
7153.61
7153.84
7153.94
7084.44
7084.54
6015.61
5812.81
5770.65
5761.34
5761.46
5756.14
5741.17
4603.92
3635.54
3440.46
3421.07
3401.44
2816.42
2781.47
2585.01
2526.53
2526.93
2498.23
6769.3
6770.87
6756.75
6655.67
6655.54
6570.5
6570.42
6475.59
6472.01
6346.39
6105.19
6105.19
5172.44
4958.4
4789.96
4753.89
4753.55
4699.39
4699.7
4392.13
4392.38
4391.32
4383.34
4383.25
4383.2
4922.47
4922.77
4923.17
4923.36
4822.64
4636.7
4509.48
3471.77
3435.13
3399.71
3372.12
3371.6
3238.7
2522.57
2499.11
2467.66
2383.25
2368.77
2369.21
2318.46
2306.42
2286.13
2236.78
1518.38
1518.58
1252.59
1252.74
1035.31
1035.17
999.924
1000.01
923.415
908.15
516.122
14873.2
14876.3
14863.6
14864.1
14865
14575.2
14575.2
14096.8
14078.2
13768
12478.9
12333.8
12197.3
11977.2
11473.7
11405.8
11068.1
11036
10201.6
9129.83
8089.77
8017.41
15420.7
15321
15321.2
15318.8
15320.3
15292.2
14638.7
13797.6
12560.3
12177.3
12159.8
12159.2
11743.1
11742.3
8778.56
8646.39
8648.47
8644.61
7982.89
7593.38
7533.29
7485.73
7201.18
7168.01
7168.57
6061.41
4537.77
4342.35
4301.76
4272.9
4252.42
719.499
13666.9
12986
12987
12954.1
12956.4
12929.9
12930.1
12932.3
12729.6
12325.3
12240.5
12017.4
11909.9
11782.6
11783.6
10653.6
10562.5
10263.1
9921.35
9891.42
9783.12
9307.17
8614.01
7628.78
7555.13
5974.48
5663.93
4793.46
14121.5
14118.3
14119.6
14120
14107.2
14108.3
14104.3
13994.1
13985.5
13223.2
12426.8
12255.6
11186.8
10892.7
10828.3
10588.6
10265.7
9561.07
8553.36
8482.26
8318.19
7779.92
7704.1
7659.49
7239.81
7239.51
6634.45
6164.67
4402.59
4385.39
4196.84
4183.55
4182.93
4183.69
4184.57
3887.56
3860.02
3843.98
3805.93
3786.27
3669.75
3630.91
3591.96
3559.59
3543.01
8187.97
8188.64
8111.47
7822.59
7822.74
7822.61
7809.73
7809.5
7768.31
7645.22
7614.26
7593.5
7585.48
2693.23
2693.26
2693.27
2684.65
2671.09
1809.39
1809.42
1809.19
1753.42
1713.81
1690.62
1677.15
1677.14
1520.46
1505.91
1505.85
976.496
961.63
896.883
896.608
875.323
875.376
827.262
827.223
827.306
798.714
798.709
657.081
593.304
11753.1
11742.9
11735.7
11736.2
11736
11687.7
11335.7
10605.3
10597.7
10596.8
10596.7
10586.4
10491.5
10492
10493.2
9434.95
9300.59
9250.41
9193.8
9016.81
8756.84
8703.56
8688.38
8462.87
8359.85
8296.07
8295.74
8263.17
8115.23
7564.23
7562.75
3724.91
3711.84
3699.86
3700.7
2429.12
2429.58
2411.4
2342.34
2262.68
2262.83
2262.96
2249.59
2127.91
9432.29
9432.4
9406.19
9406.03
9384.68
9195.49
8069.13
8069.04
7984.06
7966.24
7955.31
7951.13
7951.23
7790.7
7687.94
7625.56
7570.71
7478.89
7462.36
7221.47
7210.7
6477.22
6052.53
6052.2
5991.54
4690.12
4434.42
4434.43
4422.22
4422.17
3499.12
3498.97
3481.91
3208.05
7208.83
7209.15
7184.6
7184.84
7181.01
6687.45
6687.23
6687.6
6670.33
6670.73
6548.26
5929.8
5931.44
5613.23
5587.48
5494.42
5409.37
5392.75
5394.04
5202.12
3442.73
3413.81
3146.11
3146.62
3133.32
3133.09
3132.88
3014.17
2995.17
2671.46
2619.47
2604.72
2194.55
414.614
10483.8
10449.9
10450.7
10214.5
6509.68
5969.37
5970.89
5972.35
5936.84
5841.96
5327.97
5234.03
5100.16
4867.12
4866.35
4866.98
4842.98
4798.87
1697.17
1697.39
1697.7
1697.99
1520.11
17633
17633.8
17635.5
17434.8
17416.1
17416.2
16553.9
16553.7
16506.8
16450.1
16450.7
16375.1
15981.7
15019.4
14936.7
14806.4
14570.1
14020.4
13528.9
13176.4
13002.1
12603.5
12222.7
11670
11427.4
11413
11412.8
10854.7
10430.9
10430.9
10430.4
10419.1
10321.9
9862.06
7436.22
7436.24
7409.03
7343.1
7342.32
7326.38
12241.9
12243.3
12243.2
12243.2
12242.9
12224.8
12158.7
8612.67
8612.83
8612.91
7012.55
7013.06
7013.08
7013.02
7012.86
7012.64
7012.45
7012.46
6364.53
6364.24
6364.04
6353.06
6353.16
6334.03
6334.04
5616
5616.05
5616.22
5585.76
5585.53
5585.41
5585.36
5493.09
5477.85
5477.84
5255.37
5120.13
5120.37
5120.22
5119.73
5089.1
5009.45
5009.99
4711.37
3734.42
3687.91
3625.76
3607.23
3589.92
2929.06
2928.7
2928.35
2878.22
2877.5
2773.17
2772.78
2638.61
2270.4
2054.61
2018.23
888.871
888.764
888.874
888.872
658.464
658.039
640.039
639.943
451.637
412.968
412.989
8945.1
7645.27
7647.83
7552.81
7400.04
7400.19
7234.03
7203.97
7120.19
6117.29
5813.06
4751.81
4731.34
4585.7
4570.59
4570.76
4527.28
4528.5
4357.32
4339.33
4206.74
4186.01
3831.91
9615.73
9615.81
11879.7
11595
11574.1
11557.4
11537.6
14140.1
14137.2
14130.9
14036.3
13887
13887.2
13887.5
13682.1
13166.8
12467.4
11352.1
11241.5
11241.5
11241.6
11229.8
11217.7
11062.8
11032.1
11015.8
10368
10257.5
10012.2
9901.26
9402.28
9379.17
9146.1
9113
8991.08
8862.12
8718.1
8720.04
8691.5
7747.64
7682
7681.24
7177.65
7179.25
7050.19
6991.79
6827.75
6805.12
6786.52
6786.01
6712.38
6683.21
6650.24
6622.1
6395.3
6077.82
6077.41
5989.16
2.85273
2182.81
2183.42
2141.69
2141.82
1601.23
507.293
12049.5
11972
11388.7
11389
11236.2
10323.6
8824.33
6660.58
6625.31
6469.04
5926.2
5861.37
5838.22
5823.36
5493.45
5065.25
5004.94
4924.55
4924.48
4561.07
4560.66
4568.87
4569.15
4568.87
4494.57
4428.68
4410.96
4410.86
4361.24
4328.4
3037.64
2004.77
1982.46
1982.84
1982.93
1964.2
897.641
726.771
726.924
669.902
670.042
497.504
454.345
350.225
275.921
258.044
10895.1
10883.5
10884
10778.4
10680.6
10664.6
10597.2
10661.2
10654.9
10653.7
1596.29
1560.57
1544.64
1538.56
1498.2
1498.32
1498.38
1498.36
1492.82
1456.91
1456.72
1457.01
1457.03
1450.68
1296.35
1291.83
1291.72
1268.47
1268.41
7307.6
7308.31
6375.61
6336.09
6252.02
6177.65
6079.94
6003.28
5437.19
5367.18
5355.38
5296.87
5284.11
5232.91
2211.42
2182.84
1277.23
1252.14
1235.22
1235.1
1234.98
14198.1
12605.3
12598.1
12598.1
12597.9
12597.8
12585.6
12482.2
11935.5
11917.4
11525.4
11008.6
11009.3
11010
11010.1
11011
10996.1
10996.6
10980.2
10980.4
10980.8
10867.9
10870
10858.7
10736.6
10637.3
10566.2
10437.1
10271.7
10261.4
10246.6
10220.2
10178.6
9979.43
8865.52
8002.36
7927.17
7898.42
7816.09
6062.76
6018.18
5966.4
5747.9
5701.53
5643.95
5041.79
4011.34
3121.64
7912.39
7783.89
7784.11
7784.28
7725.47
7725.57
7675.96
7532.08
7520.66
7311.21
7309.9
7187.78
7114.95
7115.79
7049.41
6939.85
6867.96
6841.68
6799.42
6754.54
6390.61
6262.85
6188.04
6126.63
6127.27
6127.08
6110.79
5571.93
5537.52
5517.61
5483.22
5466.07
5419.79
5378.59
5327.3
5293.26
5168.65
5167.17
5166.4
5144.75
5100.57
5100.56
4816.38
5079.31
5079.51
5079.63
5079.96
5080.55
5067.04
5064.13
5064.31
5064.74
5064.85
4972.93
4919.17
4920.16
4863.96
4831.33
4727.49
4714.53
4213.35
2768.74
2749.06
2654.56
2653.52
2653.45
2560
2553.42
2549.05
20083.8
20085.3
20085.4
20040.5
20041.6
19975.4
19976.5
19984.8
19510.8
19363.1
19164.4
18948.5
18741.1
17525.9
17369.3
17338.5
17282
17256.6
16903.9
16880.9
16094.3
16078.5
16046.2
15637.1
15636.8
15613.7
15613.5
15433.3
15433.3
15383.7
15365.7
15335.6
15280.2
15107.9
15081
14717.9
14596.4
13669.9
13585.8
13533.8
12344.4
12059.6
11851.1
10767.1
10675.9
9315.35
9273.5
9127.73
8977.92
8261.7
7404.93
7342.1
7323.48
4.44872
10446.2
10358.2
10337.6
10337.5
10098.3
10099.4
9916.38
9758.2
9164.01
9114.62
9076.87
9055.28
8934.11
7575.11
7551.24
6884.75
6768.14
6732.55
6731.24
5740.82
5678.46
5496.04
5495.43
5411.1
5411.69
5380.83
5350.81
5352.38
5254.17
5198.98
5105.95
5071.31
5054.59
4064.78
4064.93
4032.32
4003.11
3926.43
3859.74
3726.29
2955.73
2700.86
2665.46
2649.51
2257.72
2243.99
2244.03
2222.24
2221.7
1990.51
1990.04
1989.63
1916.19
1797.98
1797.58
1776.67
1776.4
1776.33
1776.34
1776.35
1668.53
1632.65
1592.29
1592.3
1536.29
1498.26
1498.42
1498.54
1498.43
1498.1
1441.98
1377.8
1357.21
1318.47
1232.22
12216.4
12204.8
12181.5
12183.5
12184.3
12076.2
12016.9
11420.4
10401.7
9922.53
9840.35
9569.91
9517.53
9123.13
8857.31
8800.41
8658.41
8659.37
8570.71
8372.9
8244.27
6946.3
5806.58
5729.34
5080.01
4874.13
4848.62
4849.59
4766.38
4698.61
4699.2
4660.7
4579.82
4558.19
4497.6
4483.5
4435.7
4362.37
4342.08
4260.22
3993.73
19764.3
18706.1
18636.9
17847.6
16822.3
16700.3
16425.1
16198.6
16075.6
15556.9
15461.7
15299.2
13459.9
13236
12014.4
10959.4
10905.2
10383.5
8371.83
8292.41
8291.29
8215.23
8216.68
8097.41
7777.34
7698.66
7637.21
7548.37
7454.58
6944.43
6813
6016.17
6015.67
5951.7
5902.49
5827.9
5829.3
5803.21
5743.74
5742.82
5741.95
5657.12
5606.84
5476.96
4687.24
4645.43
4425.66
4373.29
4374.02
4308.97
4308.91
4294.36
4236.56
4209.02
4192.14
4170.01
3383.55
3330.53
3281.43
3240.03
3111.93
1.05161
11971.6
11972.3
10943.6
10943.7
10943.7
10944.6
10223.7
10224
10106.5
10087.8
9778.03
9719.7
9355.23
9309.64
8992.02
8727.91
8554.74
8520.01
8342.46
8256.86
8259.24
7965.05
7938.39
7885.83
7866.55
7865.17
7697.11
7606.71
7507.83
7219.93
6809.02
6098.31
5687.5
5540.26
5425.54
5036.13
4885.23
4839.25
4827.55
4828.82
4399.31
4398.55
4378.64
4377.65
4376.86
3837.83
3785.88
3784.86
3784.09
3783.37
3657.52
3657.13
3436.97
3346.48
3237.65
2934.48
2837.53
2792.77
2210.66
2096.63
2028.57
1997.05
1983.3
1968.66
1968.49
1968.67
1946.56
1946.73
1946.97
1874.47
1838.66
1838.24
1801.18
1801.14
1801.1
1801.06
1764.48
1417.93
14766.2
14696.2
14129.9
14130.3
12196.2
12142.5
11907
10811
10022.5
9976.59
9951.22
9951.51
9424.72
9425.23
8614.41
8573.62
8416.42
7392.79
7299.37
7267.11
6039.69
4840.93
4842.28
2.42736
11534.8
11520.9
11520.9
11457.8
11394.3
10988.6
10989.2
10694.1
10695.9
10087.2
10006.1
8909.52
8893.83
8806.58
8790.1
8755.61
8697.71
8697.54
5412.35
5412.96
5409.57
5367.25
5223.57
5223.92
5223.44
5223.41
5223.48
4518.95
4456.51
4456.67
4441.1
3194.58
3189.18
3189.24
3132.88
3037.58
2928.75
2910.42
2895.95
2896.18
2895.85
1937.26
1876.91
1877.32
1877.73
1848.07
1828.19
1827.77
1827.35
1810.08
1780.68
1735
1718.48
1631.64
1631.51
1631.26
1631.23
1611.53
1611.5
1611.47
1582.95
1566.57
1518
1483.8
1466.17
1439.71
10887.4
10387.6
10187.6
10187.6
10187.9
10187.9
10184.4
10152
10136.4
10136.2
10036.3
10036.4
9522.83
9522.88
9521.81
9510.5
9510.47
9510.1
9463.7
8741.69
8742.13
8511.44
8512.32
8443.58
8417.7
8138.62
8088.98
7974.42
7949.37
7912.19
7911.78
7798.37
7673.46
7400.04
7358.63
6836.89
6836.57
6836.02
6685.39
6684.74
6684.62
6683.65
8295.19
8295.87
8179.59
8179.86
8180.59
7557.52
7462.72
7465.08
7346.45
7201.9
7115.95
7081.09
6996.8
6971.81
6938.53
6602.69
6574.91
6466.38
5780.42
5716.91
5704.67
5628.58
5539.16
5436.84
5401.37
3742.74
3402.99
6932.01
6932.17
6884.87
6836.89
6804.09
6804.71
6804.76
6793.49
6793.76
6780.72
6756.58
6673.3
6529.23
6477.6
6376.84
5944.29
5917.59
5905.03
5121.5
5121.76
5122.03
5050.53
5040.03
4962.96
4933.38
4901.03
4886.89
4788.38
4724.51
4724.16
4723.06
4722.56
4629.03
4629.81
4629.13
4447.71
3728.04
3695.49
3423.46
3423.9
3423.88
3403.8
3391.04
3325.67
3311.22
3311.34
3237.32
3186.53
3185.94
1969.73
1946.64
1889.15
1876.34
575.942
14524.8
14523.9
6256.57
6256.67
6171.71
5440.29
5218.97
5120.64
5071.7
5071.85
5071.95
4762.28
4762.04
4761.86
6145.25
6128.91
6062.7
6053.17
5991.42
5795.12
5737.57
5693.13
5693.28
5693.47
5675.74
5545.74
5503.42
5353.45
5266.86
4895.85
4895.28
4854.9
4854.75
4814.64
4741.46
4343.59
4251.5
4235.25
4219.52
3692.28
3408.41
2882.77
2782.36
2739.02
2725.5
2710.71
2643.29
2161.67
2066.52
2053.5
2008.35
1991.22
1953.97
1938.09
1937.8
11065.3
10999.4
10002.8
10002.9
9284.18
9281.92
9212.85
9737.94
9739.02
9662.89
9578.75
9578.74
9578.86
9579.52
8727.15
8711.47
8708.71
5494.23
5494.36
5494.68
5114.69
5019.19
4991.77
4955.62
4303.27
4303.28
4247.43
4222.36
4205.04
4114.02
4009.84
3331
2755.82
2755.33
2755.14
2755.09
2707.98
2005.83
1980.31
1962.08
1962.14
1853.25
1627.19
1627.37
1598.95
1599.15
1599.29
9942.74
9739.79
9726.62
9621.33
9502.24
9499.93
9454.11
9456.05
9360.57
7509.07
7389.24
7361.1
7193.49
7191.88
7054.68
6562
6536.45
6522.86
6473.06
6472.99
6390.7
6295.39
6288.25
6282.48
6283.82
5447.37
5445.04
5443.94
5443.41
5443.77
5443.91
5432.02
5432.03
5431.95
5431.9
5366.47
5350.77
5350.55
5350.44
5350.31
4486.32
4486.27
4486.09
4397.84
4397.85
6789.27
5845.54
5840.43
5825.93
5825.92
5825.5
5983.99
5984.36
5983.99
5910.31
5910.64
5526.25
5504.49
5493.62
5176.11
5176.27
4603.21
4592.96
3953
3952.76
3953.02
3896.52
3833.82
3834.29
3321.63
3308.26
2628.43
2145.71
2145.56
2117.12
1816.2
1472.89
1449.98
1450.07
1068.5
641.522
13064.2
13002.3
12963.3
12937.8
12937.5
12919.5
12919.3
12726.9
12727.4
12573.5
12557.5
12557.8
12237.9
11715.5
11104
11090.9
11025.6
10983.7
10973
10964.6
9957.38
9878.96
254.597
15536.9
15500.1
15473.4
15473.6
15478.7
15470.3
14075
13008.5
12866.2
12060
12061.3
11745.1
11728.6
11649.8
11543.8
11453.2
11434.8
11121.1
11024
10986.7
9524.23
9471.62
9340.04
8136.27
7944.25
7892.47
6657.53
6536.56
6354.96
8648.77
8633.88
8606.48
8593.39
8593.56
8593.3
7303.35
7275.64
6239.29
6203.51
6164.32
6016.88
5991.76
5991.83
5934.44
5934.23
3160.64
3148.57
3148.65
3084.88
3084.93
3065.36
3065.41
2896.09
2879.6
2867.12
2867.46
2867.31
2827.61
2606.18
2606.33
1875.75
913.438
2379.18
2379.44
2343.18
1069.2
13993.7
13999.9
13984.8
13821.7
13660.7
13650.6
13020.6
13019.6
13019.1
12970.5
12971
12967.6
12856.2
12856.4
12559.5
12503.4
11654.4
10708.3
10615.4
10540.1
10540.2
10540.3
10533.8
9917.79
9917.81
9918.07
9906.81
9907.65
9017.06
8956.93
8817.55
7950.29
7603.67
7511.55
6618.87
6609.46
6541.77
6513.86
6480.35
6395.11
3702.42
1.32933
12237.8
12205.5
12206.9
12164.1
11889.2
11879.8
11860.6
11830.8
11817.5
11794.2
10938.6
10938.4
10807.8
10692.3
10692.5
10220.8
10187.9
10172
9898.27
9895
9840.58
9840.84
9767.28
9766.63
9546.1
9495.65
9496.94
9379.52
9379.87
9255.94
9126.6
9108.08
8244.84
8033.26
8020.8
7721.86
7724.14
7002.52
6987.77
6892.48
5437.12
14040.9
14041.5
13980.4
13288.8
13272.8
13134.2
12918.3
12918.4
12918.4
12913.7
12913.9
2008.23
1904.95
1905.76
1654.71
1635.4
1635.37
1447.75
1447.04
1447.08
1447.27
1400.97
1344.24
1281.28
1241.67
1210.73
1208.91
913.938
913.886
10381.4
10351.8
9269.02
7865.88
7741.9
7732.82
7691.83
7268.23
7247.59
7026.29
6970.57
6947.12
6760.39
5735.83
6625.31
6627.94
6488.17
6488.47
6446.02
6432.67
6406.91
6369.42
6303.83
6220.57
6143.37
6143.8
6105.9
6059.13
5594.2
5595.28
5144.22
4976.2
4878.46
4878.52
4361.14
4143.49
4144.1
4145.07
3216.42
12175.2
12175.4
12175.8
12177.8
12142.4
12143
12124.1
12092.4
11974.7
11949.1
11900.8
11671.6
11652.7
11297.6
10991.1
10837.3
10778.3
10687.6
10471.2
10418.8
10407
10001.8
9920.55
9787.25
9637
7034.35
6839.64
6774.98
6714.7
6715.6
5816.23
5816.28
5786.92
4747.43
4653.26
4228.29
4201.39
4131.13
3526.92
11817.8
11804.9
11771.2
11738.9
11739.4
11717.1
11307.2
11307.3
11280.1
11221.4
11043.8
10989.3
10983.6
10984
10830.8
10791
10791
10790.9
10790.1
10754.7
10743.4
10731.4
10608.2
8161.83
8151.98
7933.53
7061.99
7037.12
7011.52
5673.19
5653.61
4685.64
3741.85
3727.18
3662.47
3608.15
3036.67
16703.3
15665.8
15666.4
15657.9
15619.5
15433.8
12398.9
12081.8
12070.3
12069.9
11187.1
11186.1
10436.8
9368.3
9370.1
9342.58
9342.97
9343.43
9343.02
9205.95
9203.15
9203.21
9083.99
8805.23
8789.05
8770.46
8609.48
8609.39
8601.97
8520.12
8474.3
8122.12
8052.21
7901.6
7901.09
7620.93
7620.89
7620.85
6481.55
6480.54
6479.04
6479.22
6479.2
6464.08
6464.01
6381.09
6294.05
6094.82
6081.55
5349.73
5349.83
5060.89
4989.45
4943.07
4882.08
4182.53
4157.62
3375.22
3374.49
3374.29
3337.57
2814.06
2783.71
1878.75
1878.78
1878.67
1151.07
1131.41
1131.37
1131.11
1022.95
844.58
723.245
521.539
516.078
293.971
210.264
200.138
200.166
200.139
169.867
13809.1
13767.2
13767.1
13640.9
13173.5
12429.8
12430.2
12430.5
12420.4
11840.2
11840.2
11119.6
10707.6
10238.4
10238.5
10178.5
10168.1
10168.3
10154.2
10143.5
10143.8
10137.6
10131.7
10081.5
9829.86
9806.9
9785.5
5394.29
5393.8
5338.39
5305.92
5306.57
4958.96
4946.92
4914.83
1462.49
1446.17
1446.07
1430.36
1430.27
759.774
614.584
561.932
543.551
525.05
525.068
472.248
11029.7
10952.3
10959.5
10959.7
10959.8
10959.9
10942.5
10942.6
10942.7
10920.3
10920.1
10836.2
10836.1
10831.4
10666.2
10666.9
10140.8
8990.34
8922.34
8788.65
8728.23
8667
8629.97
8564.04
7705.37
7095.62
7075.41
7075.58
6999.56
6925.39
6925.24
6905.47
6907.41
6360.93
6237.06
6143.38
6125.52
6027.7
5966.11
5110.72
5109.83
5043.03
5042.97
5024.39
5024.63
4704.73
4606.38
4583.24
4584.49
3497.97
3497.96
3497.41
3433.23
3432.74
3349.99
3349.52
3348.7
1303.32
1233.58
1215.07
1125.76
1105.96
1088.15
1088.41
1088.61
1088.44
1088.28
1064.14
1063.94
1063.73
1063.53
1063.33
1063.14
1054.36
1054.42
1054.5
1054.59
998.413
998.492
998.57
981.768
950.508
929.838
9747.76
9738.14
9738.98
9674.51
9628.06
9594.99
9198.34
9110.62
8739.26
8702.82
8646.38
8536.14
8535.5
8526
8519.06
8518.93
7906.19
7898.48
7898.41
7852.47
7853.42
7820.94
7820.75
7787.06
6536.53
6252.52
6179.44
6139.77
5817.06
5572.98
5528.71
4999.57
4963.08
4952.27
4916.84
4889.29
3968.43
3888.96
3844.49
3845.53
3834.15
3250.96
2055.55
11638.1
11638.5
11599.1
11523.1
10517.9
10501.6
10501.7
10491.9
10491.5
11777.1
11767.3
11759.9
11759.1
11759.1
11555.1
11555.6
11389.1
11389.9
11389.6
11389.5
11389.4
11369
11368.2
11346.8
11278.9
10929.9
10930.5
10930.2
10179
10179.8
9708.88
9708.81
9690.01
9083.3
8957.97
8601.99
8485.16
8474.66
8440.34
7698.31
7663.95
7652.86
7640.66
7491.17
7445.89
7373.59
7322.69
6069.21
4909.03
4316.63
4227.73
4075.34
4076.17
4049.05
3008.67
2942.4
2662.51
2165.33
