17638.1
17597.5
17548.7
17549.3
17326.5
17005.7
17009.3
17009.6
17010.6
16885.4
16885.4
16413.1
6668.09
6668.35
6255.16
6207.33
6125.25
5586.89
5394.96
4143.31
4073.74
4073.41
4036.1
4035.5
4015.5
3825.14
3783.87
3695.23
3693.51
3527.09
2924.28
2924.39
2922.28
2906.52
2905.89
2905.78
2865.32
2865.32
2864.28
3007.08
2963.83
2792.8
2629.14
2604.61
2604.07
2343.58
2329.33
2323.77
2323.66
2305.26
1946.73
1938.48
1933.87
21661.5
21669.2
20208.5
18949.6
18881.5
18795.2
15155.4
15096
14656.2
14007.2
13899.5
13839.1
13690
12616.8
11963.9
11314.1
10880.4
6.45713
21065.6
21066.1
21067.9
21072
21072.4
20826.1
20729
20730.2
20577.7
19798.8
19648.8
19650.1
19651.8
19638.5
19026.8
18991.4
18922.3
18846.1
18574.9
18475.3
18168.8
17254.4
16942.4
15693.7
15651.7
15375.2
15323
15038
14997.1
14083.8
13443
13389
13130.9
13116.3
13060.7
12923.9
9818.27
9774.4
9781.12
9723.77
9177.48
9025.43
8892.06
8861.23
8861.55
8757.8
8249.82
8197.09
26813.9
26763.4
26765
26649.9
26659.3
26470.1
25309.1
22994.6
22604.8
22247.1
22065.2
21981.2
21564
21420.3
21377.5
19680.2
18513.7
17150.6
17067.5
16959.8
16363
16324.3
16142.1
16098
15984.9
15114.1
15056.7
15059.8
15009
14918
14855.4
13918
4969.84
4944.21
4912.65
4651.85
4636.46
4636.47
4461.04
4449.38
2171.51
2114.86
1796.98
1797.6
1779.89
1779.27
1760.08
1695.67
1695.14
1694.6
1114.26
1089.23
1081.91
1028.49
17994.1
17133.3
17075.1
16669.1
16654.3
16608.4
16565.4
15927.7
15854.3
15818.7
15785.7
15720.7
15720.3
15594.5
15566.6
15553.3
15512.9
15330.3
15205.9
15093.5
15024.3
14949.3
14865.8
14308
14304.5
14268.6
14159.7
14161.8
14162.4
14164.7
14148
14137
14103.6
14021.4
14022.1
13990.7
13877.3
13596.2
13607
13523.6
11797.4
11784
7902.7
7679.93
7675.95
7053.88
6939.14
6890.86
6658.42
6553.99
6481.71
6469.15
6457.96
6297.77
6187.89
6167.95
5258.07
5259.01
5262.2
5197.28
5032.45
4688.66
3759.43
3672.41
3647.9
21433.6
21360.9
21368.8
21277.4
20779.2
20777.8
20733.6
20717.7
20679.4
20679.3
20678.9
20680.2
20684
20655.5
20584.4
20584.6
20586.8
20589
20338.2
20235.2
20222.7
20222.3
20209.9
20171.3
20123.9
19949.8
19404.3
19397.1
19254.3
19229.7
19170.1
19157.1
18370.4
17330.4
17308.2
16357.5
15375.4
15298.7
15232.2
13612.5
13134.9
12756.5
11453.8
4966.83
4761.81
4764.13
4723.49
4642.57
4643.06
4643.11
3579.29
3524.42
3502.39
3500.63
3498.9
3436.16
3339.69
3160.84
2352.86
1744.19
1743.76
1729.07
1641.02
1641.05
1626.95
955.42
21363.5
21363.9
19070
19049.8
19039.2
18758.4
17989
17773.9
16954.7
16317.4
16239.7
16078.6
15513.3
15212.4
14453.6
14376.1
14251.5
14183.2
14000.6
13995.6
17441
16744.7
14445.6
13531.7
13435.4
13395.5
13361.8
13267.1
12918.6
11764.4
11725.5
11618
11177.2
11054.4
11031.7
10773.2
10747.2
9934.06
9919.86
9523.52
9502.19
9337.78
9154.29
8831.55
8718.94
8634.52
7987
7894.24
7822.98
7826.52
7344.17
6431.05
6093.5
6066.24
6066.17
6066.01
6065.89
5878.64
5879.29
5841.69
5841.15
5697.47
5697.72
5670.66
5638.71
5634.72
5634.61
5465.66
5436.59
5436.95
5436.47
5436.19
5435.73
5331.02
5332.77
5269.52
5221.66
5196.91
5183.77
5133.05
4806.91
4807.07
4806.96
4807.11
4699.09
4687.59
4568.72
4552.9
4491.12
3446.53
3395.26
3394.99
3361.74
3293.85
3293.64
3293.06
3292.94
3285.26
3179.28
3179.17
3178.62
3094.1
2997.4
2968.1
2968.19
2911.83
2905.97
2887.68
2505.33
1609.17
1609.04
1510.83
1476.72
1477.17
1477.39
1477.76
1472.44
1472.41
1467.77
1.34734
