10489.4
10461.7
10448.6
10448.9
10449.3
9656.7
9656.38
8785.21
7814.21
7008.09
7012.65
6975.57
6698.3
6020.56
6020.65
5986.09
5827.85
5786.81
5774.27
5640.84
5547.39
5502.1
4445.37
4393.9
4397.8
4380.1
4313.45
4297.7
3443.95
3444.43
3429.93
3431.11
3359.69
3339.98
3341.55
3076.31
3016.53
3002.55
2834.07
2831.95
2829.61
2747.7
69525.4
69554.6
68908.9
68979.1
67935.8
66509.3
66305.9
63910
62214
59446.2
57425.6
57055
56534.1
53693.5
53532.6
52667.3
49451.8
48882
47009.9
46574.8
44870
44134.5
42032.3
41845.5
39051.1
37536.9
37462.3
37015.3
36889.1
36875.9
36760.7
36590.9
36553
29757.7
27758.2
26029.3
25808.4
23796.6
23534
22914.5
22780.3
22611.2
4873.99
70085.9
70094.7
70070.2
69150.2
68985.6
67304.1
6344.59
69313.1
68326.5
66927.1
66551
65092.5
63802
61401
60674.9
59622.5
59179.5
58030.2
54238.2
53974.3
52237.3
51957.3
51093.5
50688.2
50673
50506.5
49130.5
47977.4
47214.1
44207.6
43717
43612.7
43053.6
38855.2
37096.1
36011.8
35445.5
33442.3
31881.4
31763.8
30302.6
30218.1
29980
29806.6
27302.8
27149.3
27067.6
26611
26230.8
26137.6
25233.7
25181.5
24031.4
24016.6
20703.6
18766.2
18479.5
18408.5
17772.8
17744.6
17683.5
17471.8
17331.8
15487.8
15361.3
14414.4
13969.4
13859.1
13810.9
13808
13289.4
13181.6
13003.4
12987
12488.1
12400.7
12255
11894.1
11791.8
11670.3
11516.4
11473.4
11437.6
11317.7
11219.6
9897.55
9853.9
9797.57
9794.13
9441.43
7815.77
7796.3
6427.71
6250.79
6137.09
6039.67
5945.21
5791.07
5761.4
5761.56
5280.35
5212.1
5194.26
7.57938
73982.7
73985.7
73126.1
72890.9
72474.2
71835.5
70954.5
70299.9
68857.2
66396.7
64720.6
63800.3
61000
60736.1
60435.9
60306.7
59561.4
58432.5
57241.3
54460.3
52951.7
52617.3
52123.1
51511
50628.5
50533.7
49328.4
46698.4
45305.4
44970
43967.6
43816
42528
42107
41703.9
40794.7
39413.6
39138.3
39035.8
37277
29737.4
65359.8
63541.6
63530.9
63137.3
63118.3
63108.2
63067.1
63061.3
63057.4
62996.6
66520.6
66524.7
66518.5
66519.9
66196.3
66158.5
66160.2
66158.5
66093.5
66096
66081.9
66002.2
64981
64981.1
64978.5
64979
64933.3
64937.6
64938.6
64893.1
64852.6
64855.5
64841.2
64660.2
64010.2
62014.9
60227.6
58527.8
57053.7
55439.3
54910.5
53925.6
53110.7
52467.9
50980
50215.5
48619.3
47830
47072.3
44549
43594.2
42526.8
41822
39985.7
39063.9
36809.4
35463.5
33963.8
33909.6
33739.8
32828.9
32655.2
32537.2
31376.9
29980.4
28561.8
28425.5
28102.2
28003.9
27703.3
27268.7
26149.5
25900.2
25772.5
23565.9
23130.7
22460.8
22166.4
22057.2
21532.6
20596
19450.3
18232.3
17985.5
17402.3
16641.8
16611.5
16288.4
15006.9
66998.8
66451
66329.2
65070.3
63097
60339.8
57381.7
56774.8
55624.9
55237.1
54052.8
54022.3
54008.1
39671.6
39676.4
39648.5
39624.6
39185.4
39191.1
38470.5
37033
36680.7
36583.8
36583.1
36582.7
36601.6
36603.9
36609.7
35281.4
34614.7
34546.8
34545.8
34544
34505.1
34505
34459.5
34362.2
34791.7
34798.1
34253.5
33671.4
33604.9
33603.9
33056.6
33033.7
33026.7
33021.9
33002.1
26911.9
26900.3
26901.6
25335.8
24959.1
24811.8
24777.7
24778
24785
24721.1
22817.4
22753.3
22062.6
21876.7
21055.6
20496.6
20242.7
19871.6
19183.1
17920.9
17878.7
16947.5
15134.5
14848.9
14583.6
14569.8
14287.3
14207.2
14111.4
14086.5
14037.2
13986.6
12801.5
12766.5
12461.9
12224.9
12166.7
12043.6
10240.4
10228.8
10196
9980.36
9937.35
8803.17
38795.2
38426
38418.4
38421
38321.6
38276
38150.8
38164.6
38117.6
37361.3
35647.9
34807.6
34807.1
33867.8
33851
4892.32
4892.52
4892.32
4750.94
4744.01
4563.67
4532.74
4517.92
4394.12
4394.12
4394.54
4368.2
4368.3
4370.21
4375.33
4245.37
4102.66
4103.12
3595.89
3354.17
2979.83
2502.31
2418.3
2419.67
2421.56
2423.41
2255.24
2171.51
2154.83
2141.37
2067.15
2067.95
1998.76
1698.12
1681.58
1635.6
1635.37
1634.48
1634.73
1634.99
1635.12
1526.6
64941.1
63941.7
63942.6
63933.1
63906
63905.6
63642.6
63644.5
63642.8
63628.2
63529.6
63395
62912.1
62894.7
61840.7
61840.4
61841.3
61803.1
61721.3
60823.1
60831.1
60783.6
60776.2
60407.4
59601.5
58715.4
56007.6
55908.2
55735
53291.8
51855
48045.6
46063
43941.1
41180
40378.1
40120
39639
39427.4
37698.7
37071.8
37020.5
36059.7
35447.9
35318.3
33908.7
32975.9
32673.6
32349.1
31803.5
30407.6
30180
29976.7
29757
27312.6
27146.8
25502.7
24093.5
23773.2
23385.6
23255.2
23098.1
22998.7
22933
22849.8
22274.1
21338.9
21231
20454.7
20341.4
20078.2
18766.2
18589.4
17148
16703.8
16632.7
16595
16367.8
16334.6
15295.4
15260.5
15235.4
15133.6
15026
14953.9
14920.3
14599
13964.1
12248.7
11436.7
10967.6
10920.9
10774.2
10696.1
10482.5
10361.3
10153.3
10120.6
9863.31
9804.07
9715.45
9375.22
9230.89
17.4586
47760.3
47774.5
47745.3
47640.2
44965.8
44679.2
43584.6
43342.5
42969.2
42620.5
39822.5
37696.9
34905.2
33213
31138.5
27657.4
27407.6
27199.5
23565.9
23486.2
25550.6
25554.1
25556.1
25559.2
25563.6
25463.3
24743.1
24390.8
22205.6
22065.6
21287.3
21286.7
21270.6
21265.4
21139
34861.2
34881.6
34857.9
34873
33996.5
32909.9
31765.6
31318.4
30387
29715.5
28808.5
28652.9
28280.3
22191.9
20834.4
20695.3
20560
19594.3
18469.2
17483.9
15563.8
14953
13473.4
13324.8
12164.5
11259.4
11114.9
10983.7
10858.2
10676.7
10378.3
10319.1
10173.7
10151.1
9982.57
9969.85
22.1217
67242.9
66607.7
63397.3
62709.2
62710.5
62696.4
61635.5
61648.5
61385.2
61262.9
60921.8
60114.9
59938.5
59359.8
59090.6
57474.3
55784.4
55254
54946.1
53189.2
53152.2
50642.9
50101.4
49899.3
46701.7
46365.2
44562.4
44501.9
44399.5
44398
44375.2
44360.9
44360.3
43808.5
43806.2
43791
43788.7
43785.2
43735.3
43736
43662.8
43447.5
43415.9
43406.8
43414.3
43278.4
42109.9
41803.7
41212.2
40903.1
40193.2
38827.1
38401.2
31523.1
31378.3
31065.7
30813
30517.6
29042.3
28283.8
28280.7
28184.9
28181.7
28156.3
28150.7
28149.7
25813.9
25808.5
25776.3
24544.6
23667.4
23468.7
22100.6
21004.1
20914.3
20059.6
42865.3
42816.2
42748.3
42750.2
42755.8
41954.6
41215.7
40087.9
38366.4
38357.3
38356.6
70183.8
70178.8
70190.5
69813.8
69809.5
69810.6
69811.2
69757.4
69762
69775.9
69788.7
69794
69754.3
69493
66429.5
65742.4
64622
61570.4
61564.6
61563.7
61529.4
61441
61439.5
61438.7
61438.2
61437.4
61401.3
61292.6
61291.5
61172.1
61175.7
61153.7
61134.9
60668.9
60658.1
60651.5
60514.3
60486.7
60487
60481.6
60439.2
60119.6
60012.4
59183.4
57606.2
56971.8
56608.2
56061
55931
49175.6
46215.3
46063.6
45665.4
45662.8
45585.7
44647.9
44738.9
44743.8
43117.4
42374.7
42391.4
42394
42357.5
41883.8
41850.3
41846.6
41700.7
41697.1
41695.3
41695.8
41231.2
41217.1
41186.9
41178.2
41181.5
41172
41158.4
41161.8
41153
41146.6
41139.3
41121.2
41040.9
41028.9
41028.6
41028.5
39333.4
38598.5
38310.6
38310
38080.5
38078.8
38049.8
37872.2
37079.6
37078.7
37076.9
37046.6
37046
37045.7
37045.5
37038.7
36542.1
35801.1
35459.8
35471.7
35298.5
35299.6
35226.2
34305.2
34280.1
33908.5
33264.1
33189.6
33187.6
33184.5
33177.5
33100.6
33100.1
33084.6
33044
33053
33057.1
33058.8
33061.1
33065.1
33066.4
32979.9
32984.7
32977.5
32980.1
32961.4
32468
31955.5
31199.1
30927.4
30894.6
29693.9
29166.2
29167.1
28698.5
28576.6
27296.7
26986.7
26929.1
26071.2
25957
25955.2
25953
25938.5
25931
27445.1
27224.3
27186.2
25821
25574.8
24078.5
24038
22773.2
22693
21522.9
20929.7
20805.3
20672.9
20463.7
20367.3
20246.7
20035
18012.6
17153.2
16997.7
16926.5
16591.5
16534.2
15943.2
15818.2
15779.5
15707
15175
15116.1
15098.3
14286.6
14249.1
14222.5
14113.9
13163.9
12923
12865.3
12227.6
11304.5
10870.1
10872.6
10670.6
10594.2
10565.6
10510.6
7164.61
1.02122
19917.4
19913.2
19299.4
19300
18980.5
18981
18970.5
18978.7
18906.2
18907.7
18784.1
18583.1
18296.6
18160.5
17792.3
16367
16213.5
14897.6
14620.9
14505
14503.2
14495.4
12059.5
11773.4
11685.6
10417
6.28586
62433.4
62435.6
62383.9
62383.2
62380
62378.6
62373
65582.1
65587.2
65591.6
65530.3
65529.4
65477.1
64088.6
64083.7
62380.3
61882.5
59436.8
58071
64435.1
64437.3
64038.3
63815.3
63817.3
63694
63696.8
63695.6
61061.6
60229.4
59814.8
59708.5
59230.6
59150.6
57755
57746.7
57726.5
57534
57494.9
57500.4
57424.8
57372.6
55875.2
55868.1
54697.4
54683.7
54678.6
54675.3
54538.2
54546.1
54501
54500.2
54191.2
54191.3
54092.2
54046
54037.8
54034.7
54030.1
53970.9
53913.8
53795.9
53796.4
53795.7
53699.6
53704.4
53547.1
52891.4
51631.6
50263.4
47279
46781.7
44505.4
44278.3
43810
42946.8
40471.8
40466
40316.5
9869.74
70435.3
70445.2
70443.9
70459.7
70207.2
70216.5
70221.2
69320.6
68709.3
67315.9
64954.2
64318.8
62940.9
60756.9
59375.1
57961.4
54546
52555.4
52366.7
49675.3
47248.7
46172.8
45834.1
43905.7
43243.3
39304.8
39232.8
39188.9
38816.5
38613.2
37414
34311.7
34137.1
33919
33518.7
32775.8
32688.7
31939.7
31726.9
30151.4
30161
29873.4
28937.6
17.215
64333.1
64340
64342.9
64345.8
64355.5
64149.5
64110.8
64128.7
64061.2
63896.1
63647.3
63626.2
63623.1
63242.2
63236.1
63237
63001.5
62956.6
62942.6
62898.2
62894.9
62893.7
62435.9
62427.4
62424
62406.2
62404.8
62090.6
61977.1
62022.6
61805.9
61542.4
61251.5
60742.4
60234.2
59699.7
59088.4
58670.6
57204.9
55948.2
55172.1
55168.3
54207.6
54203.7
54203
53807.4
53799.2
53691.5
53648
52845.9
52758.6
52082.7
52086.2
52067.9
52033.4
52033.4
51991.4
51969
15570
15570.6
16441.5
16429.5
16427.3
16422
16159.2
16141.3
16023.2
16023.4
16024
16014.2
16015.8
15100.7
14908
14308.6
14196.6
14197.6
14204.5
12309.5
11985.8
11027.2
9689.1
9615.65
9533.99
9221.6
8203.4
8157.43
8152.16
8056.69
8038.1
8034.39
8023.3
8022.62
7979.86
7980.52
7982.03
7968.7
7573.87
7572.89
7509.65
7509.39
7509.23
7508.85
7507.5
7443.48
7363.2
7264.91
7264.55
7191.81
7192.66
7191.98
7186
20682.7
20666.4
20579.4
20580.9
20132.3
19292.9
19183.6
18619.9
18582.2
18522.5
18526.6
18527
18530.5
18519.6
18500.1
18477.5
18372.5
17836.8
17791.8
17788.3
17673.2
17636.3
17640.2
17564.1
17411
17412.2
17413.3
17181.2
17076.9
16911.8
16723.2
16655.4
16569.9
10714.1
10467.7
10391.7
8920.07
8579.4
8560.41
43183.6
43199.6
43189.7
42782.4
42776.1
42771.9
42770.1
42769.3
42749.3
42740.7
40282.8
40300.9
39915.8
38395.6
36057.4
35017.1
34761.6
33936.2
32903.2
30143.6
29919.4
29916.9
29917.7
29901
29909.4
29912.8
29923.3
29921
28724
28642
28594.1
27248.1
27087.1
27082.1
27075.7
27033.1
27040.9
27042.6
26675.8
26476.5
26392.2
26324.8
25075.8
25000.3
24938.6
24763.3
24734.8
24442.3
24388.6
23556.9
22091
21088.3
21035.7
20806.3
20448.8
20309.1
19165.7
18683.2
18566.3
18549.1
18495.1
18412.4
17374.3
17206
17154.5
16635.8
16618.3
16467.9
16368
16192.5
16154
16003
16001
15160.5
15080.1
15060.6
14091.5
13825.6
13654.9
13173
12433.6
12374.8
12136.6
11877.2
11580.4
10581.4
10491.6
10390.9
10334.2
9996.39
9923.84
9863.07
9364.59
9270.3
9220.81
9153.38
9103.38
9081.51
8182.54
8174.64
8048.21
7995.1
7974.16
7731.43
7564.98
7545.12
7549.13
7423.42
7350.15
7238.8
7194.57
7177.08
7106.57
6870.07
6874.86
8.62023
49527.9
49500.9
49515.3
49506.2
49339.4
49348.4
49337.3
49291.7
49199.5
48995.5
47800.3
45286.3
44874.3
44728.5
44605.9
43668.4
43144.6
19208.7
19107.8
18246.6
17906
17818.1
16776.6
16699.5
16631.7
16539.6
15384.5
14985.3
14971.4
14968.7
14932.8
14573.1
14497.6
13152.4
13107.1
67057.3
66606.1
66612.3
66614.2
66590.2
66583.6
66578.1
66210.2
64872.5
63706
63249
61729.1
59565.2
58819.5
58795.1
58590.8
58571
58585.6
58598
58005.7
57506.8
55310.7
50386.9
50291.9
49981.4
49707.1
49567.2
48584.5
47252
46385.3
46030.5
45816.2
44948.8
42694.7
42145.7
41864.5
41759.7
41451.2
41046.6
40498.9
40262
39239.8
38553.7
37299
24512.3
24302.3
23473.5
23285.6
23162.2
22920.6
22918.6
22879.5
22879.9
20024.5
19166.5
19107.2
18958.1
18316
17919.5
17905.2
17409.4
16971.2
16618.5
15783
15571.1
15513.8
15258.4
14886.2
13404.6
13229.1
12622.4
11407
10611.8
10598.4
10544.5
10503.6
10339.9
9211.43
8607.83
8499.84
8470.82
8009.68
7968.97
7391.7
7395.12
7350.5
7345.16
7274.34
7114.74
6757.9
6745.28
6744.82
6665.2
6512.28
6355.7
6300.53
6289.47
6236.68
5969.6
5945.22
5930.77
5147.5
5118.82
5065.5
4998.81
4483.26
4436.62
3740.18
3683.71
3670.65
3590.29
3570.7
3479.45
3440.21
3404.78
3354.8
3353.8
73780.7
73777.5
73660.8
73668.3
73415.1
72055.1
69185.7
63962.4
62993
61794.5
57041.7
55299.5
51136.7
47397.4
46506.6
46110.2
46006.1
44883.8
44744.1
44274.2
43099.3
42717.1
41597.3
40273.1
39625
37738.2
26753.7
23082.3
71165.2
71180.9
71173.2
71175.6
71078.1
70587.9
69329.4
69345.4
67718.7
67750.4
67589.7
65867.6
63799.6
63873.3
63584.5
63146.5
60518.4
56869.2
54515.1
52919
52275.1
50725.6
50123.2
46407.7
45041.3
44902.4
44727
42812.4
41724.2
41194.3
38387.9
37070.3
36364.7
35050.6
34578.2
34077
33500.3
33381.3
31745.2
72851.2
72862.7
72066.3
71338.1
71285.4
69864.7
66733
66581.2
63710.3
61909.8
59927.1
59543.2
58479.1
58096.1
56551.8
56264
55648.4
53111.6
51795.5
51415.3
50469
60709.8
60714.4
60705.9
60080.3
60084.4
60085.2
60090.4
60096.6
60088.4
60108.5
60099
60087
59549.4
58273.6
58278
56800.2
56528.3
56289.8
56283.4
56277.1
35222
34828.5
34833.1
34841.2
34688.2
33894.2
33462.9
32095
32083.6
31825.1
30990
30280.3
30045.8
29135
27365.8
26548.3
24744.2
24220.1
24039.4
23728
23726.5
22136.7
20212.8
19403.8
19233.8
18005.4
17916.2
17755.4
16033.3
16007.4
16007.9
13638.1
13460
13401.9
13293.2
12109.7
11838.6
11741.7
11438
11201.5
11144.2
10516.3
10433.1
10387.2
10140.4
8668.69
8595.29
8478.98
8475.12
8333.54
8139.15
8070.06
8013.22
7913.36
6837.64
6147.81
6150.79
6106.93
6073.78
6027.19
5926.09
5907.6
5805.87
5088.34
4617.28
4601.96
4568.29
4533.23
4486.26
4378.81
4350.79
69011.9
69011.4
68954.4
68266
67518.7
67287.4
66118
65598.2
64282.4
61754.3
60017.9
59765
59270.7
57805.1
55606.7
55411.4
52652.7
52369.5
52051.1
50103.5
49591.9
47709.6
47075.3
46438.7
44892.7
44510.4
44260.8
43738.3
43444.2
43338
43156.2
40244.9
39621.3
38624.6
38331.3
36384.1
36103.5
35786
34605.6
33829.2
33672.4
32287.3
30991.9
30210.9
29955.7
27221.3
27074.5
15769.8
49.1284
70577.8
70579.4
70380.2
70383.3
70377.5
70366.8
70342.8
70343.4
70225.1
70159.2
70057.8
69998.1
70003.1
69050
69050.4
69047.8
69047.5
69047
68987.3
68981
68981.9
68970.6
68780.5
68723.6
67701.6
67543
67477
67112.1
67109.9
67038.5
67035.9
67027.9
67026.5
67025.6
67024.5
66939.8
66908.8
66838.5
66825.2
66814.4
66795.1
66796.4
66778.7
66759.7
66730.8
65976.3
65899.6
65776.9
65742.3
65614.5
64614.8
64541.7
64539.4
64479.5
64417.8
64358.1
64356.2
64358.5
63726.1
63712.3
63704.8
63697.6
63698.1
63692.7
62956.9
62925.9
62906.6
62828.9
62827.6
62826.4
62819.5
62806.2
63233
63234.9
63110.2
63109.9
63111
63039
62657.6
62642.9
61618.5
61618.5
60793.4
60801.7
60803.1
60793.1
60639.5
60630.3
60559.3
59798.6
58735.9
58552
58499.8
58493.1
58267.5
58266
58215.1
58215.2
58215.6
58204.4
57016.8
56992.5
56928.3
56928.6
56933.7
56884.8
56779.6
56537
56528.5
56530.1
56532
55663.9
55611
54995.9
51604.4
49086.1
47430.9
46826.4
45704.2
45314
44253.6
43648.5
42508.5
42106
41268.2
39749.8
32896.7
31684.1
31379.4
30906.1
30822.3
30713
30112.4
29823.8
28467.8
28313.6
27408.5
23486.1
23375.1
23072.6
22370.3
22356.6
21579
13785.7
36.0373
42671.5
42650.1
42590.4
42595.8
42610.6
42575
42498.5
42475.2
40554.8
37966.4
35631.2
35553.3
35083.5
35065.4
34754.8
30919.8
30334
28656.9
28405.9
25747.9
25605.3
24460.9
24276.8
24224.5
23724.4
22925.5
22811.5
21830.9
21776.9
20872.8
20718.2
20444.9
20175
19639.5
19409.3
19357.4
19267
19091.9
17572
16812.5
16706.5
16206.2
12074.8
11804.4
11763.4
11587.1
11561.3
11408.7
11406.8
10992
10841.2
10514
10433.1
10173.4
10170.8
10163.5
10092.7
9459.93
8595.26
8580.7
8416.73
8399.76
8320.87
8239.72
8194.97
6620.13
6602.02
51870.3
51778.4
51473.3
51183.7
50735.7
49859.9
48726.1
48662.9
48362.5
48236
45630.9
45180.8
44654.4
43968.6
43549.1
43320.5
42022.3
42000.5
41253.1
41254.8
41264
41255.1
41203
41205.6
41155.8
41120.4
40595.1
40098.2
39919.1
39779.4
37601.9
37592.9
37448.5
36875.3
36747.7
34596.4
33687.1
33512.9
32453.2
31784.7
31635.3
30538.4
30476.5
28924
27615.4
27075
27009.6
26753.7
26561.9
26551.9
26209.1
25044.8
24758.2
23810.6
23526
22691.4
21742.9
21136.9
20969.8
20861.9
20030.5
17384
16943.3
15920.6
15745.3
15406.9
15279
15153.8
11779.6
11580.4
11585
11410.9
11203
11203.3
11182.6
10240.2
9542.45
9212.28
9049.16
9052.11
8947.35
8872.29
8603.62
8503.87
6985.45
4878.4
4874.78
4856.01
2.18968
64556.6
64571.4
64569.6
64572.7
63803.7
63793.9
62427
62018.3
61600.7
61424
61310.6
65064.8
64766.4
64726.6
64738.9
64753.6
64775.5
64614
64419
62558
62533.8
61973
60792.9
60183.8
59547.1
58010.5
57240.9
55177.6
54164.5
51209.6
49149.3
48685.1
46229.7
44715.8
43989
43580.9
43402.2
40876.7
40407.3
37582.9
35854.2
34388.7
34152.2
34067.8
33814.7
30614.8
28999.8
28464.2
28163.9
27466
62909.1
62793
62794.8
62809.7
62788.1
62308.1
62288.3
62221.8
61688.3
60096
59199.3
58198.7
57710.8
54861.1
54604.7
53199.2
51427.4
48967.7
47228.1
46747.5
45419.6
44191.8
43299.1
42283
41745.1
38938
37102.9
35562
35214
35253.2
35158.9
34891.2
34272.8
33387.1
32913.6
70404.4
70413.1
70408.7
70347.2
70353.9
70349.7
70222
53319.2
52843.1
50523.5
49880.3
49879.2
49842
49866.5
49863.1
49792.9
48819.7
48372.5
48151.5
40081.6
38858.9
38399.4
37037.3
36908.2
36692.6
34670.9
34448.7
34258.5
33943.3
33753.7
33340.2
32675.6
31838.1
31647
30724.2
30741.2
29080.1
28164.9
27574.3
26264.1
25589.4
25084.5
23203.5
22037.7
21844.7
21354.5
21101.6
19115.5
18999.9
17388.2
17288.9
17212.5
17206.5
17117.2
16837.5
16638.2
15498.8
14805.2
14629.7
12766.1
12692.4
12068.6
11983.9
8809.37
8719.72
8681.02
8493.43
8459.31
8451.57
8407.74
8307.87
4.89504
52580.5
52571.2
52569.6
52576.6
52578.2
52576.4
52581.9
51824.1
51575.9
50908.5
50514.9
48789.5
45921.3
45782
44352.7
40897.3
40111
39784.4
37868.7
36360.4
36192.3
33689.8
32982.1
32853.9
32241.7
30871.9
30594.2
30396.4
29301.6
28727.8
28605.1
27119.2
26375.2
24538.2
24397.3
23442.2
23248.6
21044.4
20984.4
20384.5
20048.3
19874
19763.4
19672.4
19298.8
19231.8
18016
15003.6
14471
7.54317
37256.8
36710.3
36545.1
36535.2
36234.9
36123.2
35911.7
35146.5
35060.6
34800.6
34664.6
33869.8
33786.1
32044.5
32021.1
30388.5
29468.6
27672.6
26460.8
26273.5
25439.4
24122.1
23970.6
23884
23295.1
22284.1
21810.2
21357.4
20302.5
19346.5
19258.3
19175.9
18922.3
18559
18442.5
18221.4
16695.1
16484.1
16062.2
15835.2
15744.2
14150.5
14137
14133.6
13372.5
13262.7
11990
7.60296
43020.5
43023.6
43016.8
43027.3
42492.6
42463.2
42481.8
42169.8
39947.8
39635.2
38845
38015.5
33071.8
32575.3
32107.6
31962.8
31606.2
31210.8
30964.7
30911
30573.7
30528.3
29784.9
29397.4
29347.3
28632.3
28524.4
28462.6
27916.3
27456.9
27277.2
21004.3
19680.6
19119.4
17714
16708.3
13123.9
12896.9
12567.9
12348.8
12309.3
12288.5
12178.1
11042
10973.9
10924.1
9178.62
30003.4
30006.8
28971
28977.2
28981.3
28966.8
28966.4
28965.6
28718.2
28719
28717.7
28720.5
28652.7
28624.5
28591.2
28595.8
28600
28600.4
27454.6
27210.8
27189.6
26687.4
26650.4
26650.5
26640.1
26635.6
27508.1
27483.8
27487.9
27491.4
27494
27490.6
27494.8
27495
26381
26084.2
25769.1
25473.3
24530.6
23981.2
23615.7
21904.1
21009.1
20074.5
19973.8
19503.8
19262.7
19187.7
19075.7
19008
18865.7
18621.5
18273
18817.3
18793.9
18791.2
18777
18536.3
18526.7
18523.6
18525.3
18491.5
17541.9
15541
14338.7
14226.3
14183.2
14082.1
14001.9
13843.8
13780.8
13705.5
13700.5
13669.7
13664.9
13640.5
9882.21
9869.92
9870.88
9821.74
9824.8
9696.96
9673.55
9529.88
9476.07
8176.66
8105.69
8109.56
8090.54
7419.87
7404.81
7193.28
6795.96
6256.14
5931.68
5926.87
5891.88
5846.44
5614.01
5579.55
5523.54
5031.86
4781.41
4515.74
4512.73
4285.55
4219.15
4215.59
3576.02
3575.59
3558.89
3483.54
3432.03
3405.34
3367.42
3357.89
3358.53
3283.57
3281.96
3242.84
3195.18
3119.39
3105.82
3027.02
2827.68
1547.22
1533.38
1491.29
1463.68
1368.92
1323.51
1322.76
1322.16
1320.85
1093.54
1093.59
1093.74
1093.77
1093.79
1093.49
1092.96
1092.87
1093.13
1076.87
1074.05
1065
998.255
998.405
998.387
938.015
722.473
721.37
702.839
702.9
575.703
525.927
449.747
289.129
66594.7
66592.6
66596
66603.7
66612.1
66609
66367.8
66005.8
65759.6
65105.5
64961.2
64956.6
64953.2
64950.5
62726.3
62713.3
62719.8
62725.5
62241.5
62232
62199.9
62205.8
62197.8
62202.1
62204
62207.6
61640.5
61616.3
59818.1
59280.8
59074
57745
57085.2
54794.2
53124.2
52533.5
51258.4
50858.7
50119.8
48353.2
48018.1
47874.2
44482
43130.1
41509.5
40257.3
39323
37805
37432.8
36359
35371.9
32739.7
32277.3
31945.3
31880.5
29616.7
27106.1
26185.9
23994.6
22599.9
20293
20203.6
19247.7
19125.5
19067.7
18940.5
13479.9
13030.6
11564.5
11436.9
11056
11064.7
10982.9
10737.8
10511.7
10257.4
10235.4
10229.3
10175.5
9711.4
9695.93
9612.27
9394.02
9362.16
8364.2
8134.24
8102.69
2.35861
18978.3
18983.8
18988.7
18786.9
18788.5
15272.5
13757.6
11051.1
10958.6
10160.4
9938.46
9698.64
9638.11
9637.66
9551.5
9524.76
9509.65
9473.14
9357.63
9248.53
9223.16
9234.76
9222.71
9117.94
8917.82
8759.67
8724.26
8607.55
8514.14
7697.94
6885.14
5975.39
5974.69
5935.87
5756.47
5733.83
5642.18
5628.3
5594.19
5551.81
5346.26
5245.54
4780.61
4778.84
4777.16
4727.91
3466.76
3467.01
3467.21
3.54636
69722.9
69729
69568.3
69238.6
69230.8
69242.5
69208.4
69210.7
69225.3
67509.5
66766.8
65854.9
65265.6
64318.4
64314.5
64260.1
49804.7
49762.4
49755.5
49766.6
49760.9
49748.5
49749.9
49750.4
49751
49751
49526.5
49528.1
49350.2
49310.1
49309.4
49307.9
49289.1
49288.2
49231.3
49231.2
49183.3
49182.7
49175.6
49173.6
49131
49093.8
48656.4
48648.3
48657.3
47399.5
58486.1
58471.5
58226.5
58243
58232.3
58190
58198.1
53020.9
51861.7
48957.4
47768.9
47477.1
45572.2
43685
43263.3
41789.7
40921.7
40469.3
40211.4
38803.6
38617.3
37125.6
37103.6
36627.5
35974.3
35667
24030.2
21454.3
21372.6
20669.3
20420.1
20223.5
19949.9
18200.5
16955.6
16798.1
16707
15376.4
15241.9
15114.2
14494.1
13425.6
13147.2
49883.5
49700
49600.3
48760.6
47674.8
46819.9
44985.9
44864.2
43336.2
43133.7
42796.9
41307.4
41147.9
40518.7
39294.8
38494.6
34761.9
34588.3
34314.7
32608.6
30691.3
29813.3
24234.8
22873.4
22583.2
21933.2
21534.9
19301.1
19201.8
18153
16238.6
16232.5
15572
15425.7
15332.2
14633.4
14616.9
14524.8
13401.6
13410.4
11171.3
10875.9
10869.9
10634.6
10209.9
10203.1
10199.7
10140.3
10088.8
9664.2
9453.43
9273.78
9242.64
9017.84
8365.62
8290.61
8123.46
8004.3
7696.24
7168.99
6967.58
5967.36
5936.09
5896.34
5887.03
5345.55
5307.83
67606.9
67609.2
67603.5
67611.9
67594.9
67483.2
66239
65991.4
65750
64179.1
63501.4
63466.4
63459.7
63452.1
63451.1
63449.8
62576.7
61826.4
61814.8
66980
66983.4
66992.1
66994.1
67002.5
66918.6
66729.3
66659.6
65086.5
63958.5
63401.3
63394.7
63393.4
32466.5
32466.4
32491.6
31565
31000.1
30844.2
30045.1
29286.2
28811.7
28518.1
25771.8
25513
23404.7
22318.3
22025.4
21710
19029.7
18938.6
17544.1
17479.6
17387.8
16786.2
14578.6
14512.4
13466.2
12628.5
12586.5
12545.7
12525.1
12471.6
12388.7
12056.4
11919.7
11922.2
11613.6
11596
11379.2
11072.5
10985.8
10546.6
10487
10469.3
9771.69
9612.75
9534.44
9487.57
8508.8
61117.6
61123.9
61053.1
61050.5
60892.8
59673.9
59675.2
59680.8
59686.3
59666.2
59671.6
59584.3
58828.2
57604.2
56693.3
53690.2
53566.7
50048
49383.5
47585.8
47336.9
46897.4
46151.1
46029.7
45311.1
44372.1
43711.1
42196.8
40049.9
37639.2
35130.1
34786.8
34508.6
32090.5
31704.3
28947
27844
27736
27602.8
27419.1
27417.5
26593.6
25947.3
25074.9
25074.5
25071.2
24197
24161.3
23613.9
23602.7
23605.1
23572.3
23043.2
23002.5
23000.6
22845.4
22847
22847.7
22857
22860.7
22861.6
22864.3
22234.5
22158.7
21057.2
19960.6
19502.9
17785.4
17002.3
15797.9
15727.3
15686.3
8102.87
8029.25
5.45722
36453.5
36457.6
36459.6
36461.7
36434.7
36437.3
36446.5
36436.8
36437.9
36440.4
27204.2
27173
26573.1
26305.1
26294.1
26107.2
25049
24476.4
23911.8
23819.3
23699.9
23480.9
22830.2
21971
21750.2
20792
20523.7
18703.9
17953.7
17880.2
16781.9
16643.9
16305.1
15500.9
13959.3
13063.4
13040.7
12987.5
11689.3
10935.9
10716
10428.6
10339.3
10350.4
9340.39
8857.52
8640.38
8547.53
8152.74
8153.26
7238.48
7206.6
7004.55
6987.57
6949.02
6847.88
6762.94
3942.71
62897.8
62902.1
62894.4
62862.6
62695.4
62696.6
62699.2
62685.5
62657.4
62655.7
62603.6
60173
60182.2
60171.7
60171.9
60158.8
59246.9
59243.7
59174.9
59173.4
59089.9
59052.9
58330.3
58330.8
58335.3
58174
58165.4
56325
56374.6
56140.1
56107.4
55584.5
53741.2
51346.5
48630
48372.3
48051.8
47172.7
46781.3
46455.6
46239.3
44841
43624
39767.7
39336.4
39177.2
38031.1
38012.2
37567.3
37329.5
200.741
69249.8
69254.7
69250.7
44464.9
44488.5
44481.3
44475.6
44447.9
42174.2
41596.5
41398.6
41248.2
41225.4
41223.1
40519.4
40522.1
40510.8
40503.7
40503.2
40467.6
40450
40385.7
40313.7
69849.1
69866.1
69877.4
69886.5
69903.4
68736.2
68362.7
66318.5
59731.7
59377.1
59096.9
58997.2
58955.9
49121.7
49141.2
49142.4
49144.9
49159.7
48385.4
48207.9
47304
46018.3
45386.5
44127.5
41355.5
39910.3
39728.2
39123.1
38952.6
37978
37700.3
37324.4
36683.9
35904.8
35517.9
35401.5
11169.7
11039.2
17865
17874.5
17887.7
17838.2
17835.2
17835.6
17811.2
17778
17737.5
16329.4
15948.8
15665.2
15654.6
15598.1
15384.1
14871.1
14861.5
14308.5
14261.9
12159
12138.5
12127.4
11067.4
10738
10730.9
10655.5
10621.6
10142.8
9026.31
9022.87
8889.45
8850.22
8656.83
8478.17
8442.93
7031.38
6228.5
6214.24
6157.4
6001.36
5334.73
4.40292
66406.8
66260.2
66266.3
66267
66267.5
66211.6
65151.9
65105.6
65107.3
65110.6
65112.9
65115.2
64984.3
65001.2
65042.4
63580.4
61553.4
60076.9
59229.7
58436.7
56819.3
56684.1
56698.1
56702.8
56715.7
55491.6
53980.3
53610.1
51873.6
51774.7
51770.7
51673.2
51680.3
51711.4
51693
50606.1
49270.2
48087.9
46232.9
46232
45471
45475.5
45466.2
45399.2
45403.8
44357.7
43499.4
42238.3
40819.9
40814.7
40654.8
40662.4
40664.5
40177.2
40180.2
39122.1
37811.9
36633.6
35096.9
35000.7
33756.7
33473.8
33140.5
31147.3
29009.5
26907.6
25693.9
24476.4
24011.1
23183.3
23167.7
23103.2
23105.5
22158.4
21934.2
20424.3
20457.4
20353
20035.8
17684.2
17544.6
16701.6
16511.2
16516.2
16478.2
15521.6
15289
15283.6
15199.9
14980.8
14997.9
14803.1
14771.6
14283.1
14167.7
14145.4
13688.8
13542.1
11263.7
11027.5
10976
10805.9
10149.3
10073
9987.51
9935.99
9008.47
8986.41
8980.75
8917.05
8859.44
8816.79
8808.7
7827.58
16.1683
35931.4
35932.5
35874.6
35858.7
34607
34216.3
33642.5
33577
32024.7
30672.2
30400
30049.6
29501.8
29332.1
29117.9
27711.5
27261.4
26958.6
26758.1
26665.2
26513.6
18532.3
17245.8
17176.6
17059.8
16388.2
15938.1
15800.3
14775.5
14670.4
13571.9
13552.9
13273.3
13217.8
13215.5
13052.1
12906.9
11867.3
11867.6
11493.5
11387.8
11389
11341.1
10895.2
10898.3
10901.5
10507.2
10407.9
10340.3
10098.2
10048
9237.87
9237.49
8777.44
8748.63
8576.94
8546.31
8570.98
8518.36
8519.82
8527.25
7805.46
7796.36
7801.89
7760.57
7697.36
7637.48
7607.87
7606.32
7570.68
7307.14
7307.76
7309.3
7308.45
7307.68
7307.14
7556.5
7535.06
7532.62
7532.65
6879.73
6864.38
6202.09
6168.71
6169.34
6072.51
5868.59
5802.46
5760.93
3476.5
3475.93
3475.21
3476.12
3401.69
2467.27
2453.25
392.942
67147.2
65014.4
63660.7
63144.3
62594.4
61921.8
61791.7
60698
60463.7
59443.6
57146.3
56683.9
56368.4
54546.7
54018.9
51407
49799.7
47138.1
46741.6
46072.4
45804.8
44871.7
43805
43688.2
43503.7
43263.4
39339.1
39347.1
39319.7
36423.1
35074.2
34553.1
34079.2
33775.5
32749.3
31763.9
30830.7
30064.2
28978.5
28095.7
27625.2
26225
24819.9
23825.1
22235.8
21939.1
21746.6
21668.2
21604.8
20953.4
20819
20726.7
18693.4
18533.8
18457.4
18161.1
16921.2
16813.6
16747.3
16651.2
16576.5
16509.5
15859.7
14859.9
14821
14769
14706.3
14624.6
13630.1
13462.3
12564.2
11934.7
9548.26
9413.5
9004.47
8924.94
7715.61
7200.51
6686.67
4589.43
6.84085
24838
24843
24851
24798.2
24792.7
24794.9
24026.3
23926.6
23911.6
23910.9
23898.6
23897.2
23897.5
23897.7
23886.6
23886.4
22215.7
22211
23507.6
23513.1
23518.5
23519.6
23531
23327.5
22645.1
21945.1
20752.6
20502.5
20308.3
20070.7
19967.6
18667.1
18467.9
18065.4
17671.4
17577.2
16677.3
16636.6
16554.7
15967.5
15797.5
14646.5
12772.6
11624.2
11557.8
11515.1
11404.2
10926.2
10165.2
9967.65
8765.22
7683.64
7654.49
7647.21
7340.94
7173.5
7097.46
7100.12
6435.73
6361.53
6259.97
6017.78
6004.83
6007.37
6012.75
5986.57
5945.51
4442.47
4445.73
4170.33
4146.03
4118.76
4119.88
4070.27
2917.63
4.23076
65138.9
65031.9
64980.1
64975.5
64958.7
64153.3
64154.3
64149.3
64147.5
64094.9
64073.2
64078.3
64078.4
64079.5
64079.4
63501.4
62661.7
61441.3
56510.4
55550.2
54657.4
54282.9
54028.9
52566.1
51115.9
49707.3
49509.3
47063.3
46774.4
46681.6
46184.6
43757.5
43450.2
42053.6
40832.9
39490.6
39460.4
71192.8
71053.5
70457.8
70359.6
70172.8
69731.1
69190.9
67636
64539.2
63268.5
61629.3
59493
56891.1
54129.6
51511.1
51252.2
50771.1
50538.7
50339.5
50341.5
50317.6
50285.1
50285.5
50286
50288.7
50200.8
50150.8
50123.2
49911.6
49621.2
49103.4
48807
47373.3
47283.3
45026.4
43104.1
42930.8
41170.2
40010.3
38462.1
38259.2
38173.9
38091.9
37180.9
35042.1
33687.2
33275.6
32567.2
32487.9
31034.5
30994.3
30225.4
29708.7
29533.4
27543.1
27029.7
22229
22105.3
22056.8
21977.6
21424.3
20412.4
6.4021
69021.9
69040.4
69043.6
69054.4
69047.6
69077.6
69127.2
67794.7
67419.2
67415.9
67411.3
67296.7
70369.6
70365.3
69912
69920.5
69919.8
69906.7
69886.6
69880
69900.5
68807.7
67467.4
66993.7
65755.6
64858.5
64859.9
64860
64486.2
64485.9
64485.2
64484.1
64482.2
64467.5
64462.7
64172.7
64169.9
64100.7
69396.4
69388
69388.2
69391.4
69299.9
68406.1
68405.7
68410.2
68411
67736.6
67691.5
67656.9
67620.5
67582.5
67579.7
67577.6
67539.6
67536.4
67535
67525.3
67317.1
67307.2
66257.2
66262.1
66095.4
66092.7
66052.4
65967.3
65878.9
63466.9
61192.9
60743.8
59741
59696
57667.4
57198.1
55045.9
52596.7
51944.7
51455
51261.9
51261.1
51270.9
51273.9
50925
50592
49087.6
46393.7
43899.3
43064.5
40539.1
37595.4
37553.6
35605
33071
30932.3
29898.7
29933.9
29656
29481.2
28772.4
27783.8
26883.1
26777.1
26119.7
25994.5
25152.2
25003.6
24784.9
24634.1
23825.3
23716.8
23655.4
22393.5
66.3507
17788.7
17786.2
17526.8
17527.4
17184.5
16654
16622
16415
15865.8
15863.6
14955.5
14846.9
14733.9
14692.7
14664.6
14494.7
13956.5
13217.2
13187.2
12511
12459.2
11800.1
11603.5
11139
11076.2
10647.2
10543.6
9996.23
9998.2
9816.62
9669.4
9613.19
9591.5
7728.45
7620.87
7563.59
6698.77
6088.59
6050.06
6035.51
6035.38
5731.82
4921.71
4497.31
4497.15
4463.34
4447.13
4425.41
4425.21
4398.18
4263.08
4265.07
4255.76
4237.66
4238.12
4239.11
4066.4
4065.39
4062.87
4043.07
4031.61
3997.91
3997.95
3106.72
3107.52
3107.85
2853.72
2822.91
2762.31
2755.96
2707.68
2689.4
2660.5
2660.75
2661.23
2599.9
2600.55
2600.41
2590.87
2299.01
2298.88
2299.95
2300.51
2301
2302.92
2241.5
2179.39
2150.91
2084.32
2084.12
2083.91
2026.65
1980.61
1979.98
1979.36
1978.84
1691.12
1635.81
321.177
167.765
9760.81
9765.88
9398.6
58975.1
58979
58983.1
58990.7
58994.4
58996.3
58981.7
58987.3
59000
58943.9
58800.2
58428.4
58330.8
55994.7
53763.3
52627.1
50081.5
48598.4
46965.8
46604.6
45150.1
43456.8
42738.2
42371.2
41570.3
40897.7
40138.3
38874.5
37148.1
36005.9
35500.2
34356.8
33523.8
30736.7
30391.7
28951
27974.2
27903.6
27587.9
27518.3
27485.7
27134.8
24302.8
21417
20386.9
20302.3
13520.1
16.1254
43864.7
43837.8
43778.2
43783.1
43788.6
43791.3
43599.3
42521.2
41925.8
38185.4
36951.8
36740.9
36114.5
33123.8
32725.4
32537.4
31807.8
30877
30149.7
29114.2
28894.8
28268.3
27594
25573.7
24422.3
24339.7
24077.8
23047.1
22764.6
22392.4
21653.9
19250.9
19011.9
18470.9
17460.2
17315.7
17175.9
16855.5
16804
16441.5
15527.4
15439.7
15186
14972.1
13933.3
13899.5
13191.8
12000.8
11937.1
11724.9
11740.6
10754.7
10728.2
10003.3
5.61539
