73396.4
73392.3
73394.3
73394.1
30251.8
29932.7
29934.6
29659.9
29641.4
29608.1
29602.1
29494
29491.1
29490.2
29424.5
28917.9
28812.1
28746.9
28479.8
28485.3
28448.7
28383.8
27954
27755.6
27717.7
27657.8
26951.7
25983.7
25147.5
24888.5
22653.9
22601.7
22327.6
21050.1
20722.3
19665
16762.3
16639.6
16552.9
16490.2
16350.9
16313
16175.6
16024.5
15983.9
15883
15861.9
15761.2
15644.9
15480.4
14550.7
14248.9
13205.7
12472.1
10422.9
10280.3
9995.49
9505.45
9193.89
9135.36
9083.08
8983.84
8067.5
8004.9
7738.67
7334.54
5528.24
71161.4
71178.8
71196.5
71202.8
71210
71233.6
71150.9
69968.2
67527.4
65812
61342.9
61194.3
59135.2
57793.8
54555.2
52506.1
51328.5
48610.8
47629.7
47521.6
47278.2
46819.4
46516.3
45907.1
45641.8
44112
43605.5
43604.4
43602.8
43601.1
43584
43010.5
42994.6
42922.1
42376.4
42336.4
42336.1
41870.2
41843.7
41826.2
41253.6
41247.3
41247.9
41239.4
41214.3
41211
41132.4
41035.8
41022.8
41023.5
41017.1
41025.5
40780.6
40615.1
39177.8
34123.6
32848.9
31021.8
29928.9
29719.7
28629.3
28604.2
29176.6
29144.9
28199.4
27523
27420.2
27300.5
26982.5
26692.5
26523.2
25099.8
24907.7
24548
23710.7
22082.9
21942.7
21783.5
21779.8
21776.4
21695.9
21152.3
21030.1
21031.1
21041.9
20979.4
20056.3
19996.9
19619.5
19372.4
16226.3
14943.3
14509.9
14397.2
14188.1
14158.7
14156.1
54641.9
54661
54187
53867.2
53745
52678.1
51553.7
49263
47093.3
45947.2
44428.2
43604.1
42666.9
39797.7
39402.2
38284.4
37543
36378.6
35372.7
33873.8
33611.3
32710.6
31571.2
31256
31124.6
31109.3
30951.9
30953.1
30959.7
30965.5
30960.8
30956.5
30944.3
30943.2
30749.4
30676.9
30652
30651.3
30650.5
30649.3
30308.1
30318.1
30309.5
30264.6
30266.5
29642.6
29646
29655.3
29631
29405.3
29265.1
26866
25673
25332.2
25141.2
24675.5
24386.7
22594.5
22490.2
21880.1
19924.5
19807.9
19461.8
19215.2
19087.9
19003
18684.7
17611.3
17478.5
17120.5
16552.3
16451.1
16428.3
15150.3
15089.2
14817.2
14592.9
14493
13908.6
13726.6
13191.5
13063.9
12868.2
12645.7
12609.9
11574.7
10536.3
10504.9
10483.9
8650.17
8562
7759.38
16.4061
52997.2
52244.4
47868.8
47829.7
47254.1
47021.7
46981.3
44904.4
44876.1
42728.2
42627.2
42050.5
39892.9
38568.4
37395.6
35195.5
33070.1
32847.9
32541.9
32521.6
32309.9
29663.1
27882.3
26862.1
25933.9
25920.2
112.922
54183.3
54176.1
54184
52935.6
52954.3
51884.4
51865.4
51812.8
51378.8
51254
48473.7
46991.4
44815.8
43489.9
41302.6
40722.5
40161.2
38476
38093.8
37517
37325
35992
35636.3
35366
34980.2
33773.2
33523.9
32672.6
31515.7
31440.7
31267.9
31179.4
22.0349
72229.5
72233.8
72228.2
72236.5
72241.3
72243.5
71672.9
71591.8
70411.7
69454.4
68637.5
65361.3
62642.9
61123.8
60520.4
60152.2
60026.8
59957.8
59957.1
59118.5
59101.7
59103.1
59091.4
58405.4
58403.3
57611.3
57609
57588.1
64320.3
64276
64284.8
64282.2
64262
64235.5
57756.7
57738.5
56960
56832.4
56833.5
56833.4
56829.8
56773.2
56745.1
56711.6
56679.8
56599.1
56599.1
56573.3
55460.3
55445.8
55446.5
55417.1
55410
55320.1
55322.3
55158.8
54460.1
54459.3
54457.9
54442.2
54407
54404.5
54007.9
77990.2
77354.2
77365.4
77367.2
76543.7
76364.9
76362.7
76364.7
76274.9
76268
76192.1
76153.7
76151.7
76150.6
76148.2
75857.1
74971.7
74971
74970.8
74967.2
74964.5
74889.4
74850
74657.7
74659
74660
74546.9
74528.3
73825.9
73791.6
73791.5
73596.5
73594.8
73592.9
73586.1
73580
73563.3
73542.4
73187.5
73185.9
73185.2
73184.4
73176.4
73173.1
73163.7
73157.6
73155.4
75755.4
75755.9
75757.2
75754
74269.9
74272
74270.4
74232.4
74204.7
74177.2
74182.4
74177.4
74182.3
74177.2
74096.5
74084.8
74088.9
74050.7
74063
74103.5
74096
73202.1
70252.9
67501.4
65374.3
64986.2
62744.9
56234
55780.7
54114
52891.9
52554.5
51126.2
50445.7
48053.8
46723.6
45050.6
44386.8
41966.2
41850.4
41553.3
39756.9
38483.5
37979.2
36954.6
35420.6
32558.8
71144
71109.9
70516
70424.8
70016.5
69380.3
67921.6
67672.9
65670.9
62747.2
60517
59900.4
59973.5
59567.8
57390.2
56920.9
56526.9
56087.8
55536.8
54955.4
54318.2
52577.8
51129.6
49212.5
47521.2
47228.6
45648.5
45393.4
43754.7
43025.9
41929.1
40900.8
40098.1
36993.4
35226.5
32349.1
29367.6
29279.4
29150.9
28264.4
53.1728
72904.3
72866.3
71404
71217.6
69542.8
68844.6
68798.9
68431.1
68425.3
75379.8
75152.5
75117.4
75132.8
75187.7
74659.7
74792.2
72689.2
71560.1
68314.6
63642.9
62741.8
62477.9
61641.6
60788.2
60772.7
60435.1
59282.1
56246.9
55972
55597.7
53988.8
51512.1
51190.3
50925.1
50491.3
47973.6
46446.7
45901.3
45682.5
44964.4
42802.8
40317.3
39799.1
38591.6
38022.7
35804.5
34701.8
34117.4
39961.9
39964.6
39951.4
39952.2
39942.5
39846.8
38246.1
38150.2
38025.3
37255.8
37016.9
35662.4
35658.8
35395.9
35394.7
35378.2
35374.5
35353.9
35322
50847.7
50829.6
50787.6
50333.3
50312.4
50138.5
50134.1
50072.4
49677.4
49555.9
49537.3
49530.6
49290.2
49280.6
48913.6
48904.9
45094.8
45099
44598.4
44152.2
44146.3
44143.5
44141.9
44103.8
44023.5
43592.5
43262.4
43239.8
43227.1
43211.8
43207.5
43201.8
43174.3
43171.3
43144.4
43137.2
43134.3
43136.1
43141.8
43147.5
43150.2
43152.5
43161.3
42770.3
42652.7
42526.4
42450.1
42405.4
41628.6
41573.1
41570.2
41566.3
41478
41483.4
41466.8
40911.8
40916.7
40905.7
40908.6
40915.8
40904.8
40907.2
40887.6
40717.1
40710
40618.6
39299.2
39293.6
39229.2
38234.2
38163.1
38163.2
38162.8
38162.2
38155.2
37026.6
36846.5
36810.8
36758.6
36570.4
36547.7
36418.6
35912.1
35803
35778.9
35538.2
33606.7
33445
33354.3
32748.6
30956.9
28582.4
28401.3
28263.3
25607.1
25475.3
23353.9
22998.4
22913.4
22679.2
22475.9
21054.5
20997.6
19099.8
18581.4
18553.9
18500
18428
18093.1
16792.2
16700.4
16393.1
21.8869
46640.2
46611.8
46609.4
46597.4
45928.2
45921.9
45923.3
45925.4
45759.8
44512.4
44215.2
44079.4
42216.4
42018.6
41220.1
33144.4
29996.1
29001.8
28966.4
28166.7
27617.2
27560.3
27008.6
26749.5
26174.8
25056.1
23892.9
23171.2
22041.6
21841
21783.2
21557
19987.2
18841.2
16080.3
14532.4
14347
13527.7
13172.5
13083.8
13006.2
13002.9
12266.4
12196.9
12118.8
11960.4
11933.5
11917.8
11908.7
11879.5
11832
11763.7
11120.7
10617.3
10540
10368.6
10337.1
9600.37
9586.07
9562.12
9560.24
9136.03
8955.14
8889.69
8797.25
8628.8
8563.44
8516.94
8408.58
8364.89
8278.86
8205.25
8149.67
7547.02
7553.02
7522.43
7484.07
7481.48
7412.33
7419.31
7153.66
7115.57
63264.5
63266.4
63255.9
55376.5
54119.6
53995
53062.6
49524.1
49512.1
49464.8
49266.1
49281.3
49283.1
49283.6
49230.9
49233.2
49221.3
49215.6
49216.5
49145.5
49146.8
35583.4
35565.8
34303.9
34298.6
34159.3
33646.2
33642.3
33638.2
33637.2
33636.6
33637.1
33617
33608.4
33610.3
33556.1
33541.3
33535.5
33285.8
33161.2
32402.7
32386
32187.8
31891.2
31116.5
31091.2
31074.8
31081
31089.4
31092.9
30545.8
30573.5
30111
29975.2
28119.8
26151.7
24982.5
24872.7
24513.3
23527.2
21310.9
20325.1
20148.8
19903.4
19522
19411.9
19340.4
18120.2
17924.6
17859.5
17532.1
17105.1
16711.2
16607
16220.6
16155.2
16052
15521.4
6134.9
6135.95
6098.88
6040.63
5219.5
5201.97
5189.16
4277.06
2842.71
4.16556
67427.9
67433.4
67459
67462.6
67491.6
67462.2
67417
67420.4
67217.2
65855.5
63140.4
34514.7
33880.6
33138.4
32943.7
32423.7
32074.7
31505.9
31430.4
31054.7
30628.6
30147.2
25491.6
25374.6
24533.8
23680.6
22585
22408.7
21537
20173.4
20054.1
20045
19799.1
19794.3
19721.7
19431.1
18891.3
18850.8
16979.5
15895.3
15826.8
15669.9
15317.5
15277
14103.5
14031.5
13790
11406.6
43031.2
42534.4
42540
42592.3
42493.7
40809.5
40342.2
37519.2
37329.5
37212.2
35941.2
35542.9
34882.4
33805.2
32996.9
32399.6
32402.2
31822.9
31783
31566
31199.2
29464.8
28275.3
26393.6
24690.2
24157.6
23400.9
23043.1
22957.5
22816.6
22587.1
22503.9
21259.3
16214.2
15153.8
15096.1
14949.5
14408.4
14326.7
14210.2
13825.8
13740.8
13451.8
12284.3
11691.7
11515.9
11434.3
11230.9
9334.86
9027.44
8833.4
7676.68
74038.6
73905.7
73914.6
73933.7
73188.2
72889.6
71469.9
70049.2
67468.5
65298.2
61737
60676.4
59261.9
57650.9
56518.6
54701.3
52617.8
51700.5
50815.4
50827.8
49462.2
49167.9
49103.2
48958
47769.7
47426.5
45878.4
45881.8
43811.7
42619.7
42194.2
40681.4
40438.1
38395.9
37957.8
35867.3
35394.4
35211.4
33891.4
32753
32647
31767.7
29998.5
29737.4
29146.5
28878.7
28348.8
27873.6
26754.3
25849.6
25710.3
24963
24389.8
22030.4
28464
28477.4
28479.6
26438.9
26442.4
26451
26398.8
25742.5
25570.9
25283.4
25263.6
25223.6
25220.5
25134.8
25001.5
24952.5
24950.4
24947.8
24956.8
24957.8
24959.7
24885.6
24859.6
24837.6
24838.7
24589
24518
24458.8
23629.8
23629.7
23628.3
23629.4
23626.9
23455.8
23394.2
23353.1
23353
23352.1
23325.3
23319.9
23314.8
23250.3
22875.2
22879.3
22868.9
22869.8
22862.1
22867
22584
22585.1
22584.8
22574.6
22299.6
22299.7
22298
22297.8
22271.2
22272.1
22272.2
22272
22270.7
21573.1
21558.3
21558.1
21558.1
21512
21510.4
21503.2
21502
21501.4
21495.4
21494.4
21479.2
21192.5
21199.2
21199.5
21095
21068.3
21068
21066.5
21066.5
21038.7
21034.6
21034.2
21035.7
21038.9
20764.3
20763.1
20715.8
20646.1
20553.5
20551.9
19210.3
19213.4
18709
18577.4
18607.5
18093.6
17996.4
17394.4
17083.9
16163.2
16013.1
15677.2
15439
15409
15383.9
15360.2
15364.3
14977.3
14850.7
14018.5
13866.7
13862.7
13786.7
13586.7
13518.4
13430.6
13331.8
13259.8
13143.3
12978
12977.7
12082.6
12055.6
12032.9
11896.2
11843.4
10947.4
10916
10915.7
10175.5
10070.2
10058.8
10016
9881.63
9143.64
8995.45
8951.68
8951.05
8950.39
8896.74
8896.71
8897.24
8878.8
8837.89
8638.21
7818.05
7762.76
7759.63
7192.71
7197.5
5954.49
5959.06
5909.77
5905.17
5795.64
5675.92
5681.31
5622.71
903.701
64823.3
64835.1
64838.2
64841.4
64806.5
64818.9
64745.2
64800.2
64796.3
64897.9
64920.2
64189.2
61218.1
60415.1
43345.1
42908.8
41412.4
40626.4
38804.6
37628.7
37032.6
35524.3
34486.9
34438
33547.6
32748.9
32620.6
32511.6
31281.2
31108.7
30788.3
29807.3
31664.7
31612.7
31606.5
31550.9
30790.7
30763.5
30773.4
29499.2
29316.2
28949
27719.8
27445.4
25151.4
25052.9
24406.5
22421
21852.9
21777.1
21775.2
21527.3
21617.2
21528.3
21537
21467.5
19487.2
19421.3
19193.4
19094
18826.8
18610
18558.6
18516.6
18340.4
16979.1
16893.6
16828.6
16627.1
16475.9
16387.1
15908
14586.6
13524.2
12576.3
12334.7
11848.4
11830
11801.9
10248.4
9501.3
9291.55
8334.42
8288.1
8136.23
6462.85
6337.43
5677.32
35715.3
35631.7
35611
35582
35580.5
34605.7
34593.9
34540.4
34529
34531.3
34498.1
34498.9
33904.9
33905.5
33887.6
33884.3
33880.6
33880.2
33885.2
33885.2
33877.2
33876.7
33874.9
33862.4
33825.1
33823.5
33640.1
33618.1
28237.2
28225.3
27128.1
27129.2
27129.9
27108.2
27107.2
27105.5
26104.7
24924.7
24923.8
24865
24861.7
24861
24859
24858.3
24856.2
24846.4
25086.1
25091.9
25099.6
25099.9
25027.9
24936.6
24923.2
24607.1
24601.6
24186.3
23943.5
23953.5
23953.8
23945
23944
23909.7
23907
23905.2
23782.6
23783.2
23566.4
23539.5
22559.9
22557.4
22555.8
7314.36
7315.2
7280.83
7282.2
7282.23
7283.59
7283.92
7260.16
7247.36
7230.92
7232.03
7231.65
7138.26
7135.26
7132.98
7083.97
7084.07
7075.16
7007.82
7009.65
7011.15
6798.9
6143.15
6079.59
5923.99
5814.09
5812.24
5005.37
4995.32
4995.23
4993.94
4854.11
4855.46
4727.68
4729.22
4681.89
4681.92
4681.96
4665.92
4624.39
4624.12
4579.02
4561.8
4559.06
4550.18
4031.99
3856.55
3856.55
3857.37
3565.6
3339.41
65773.4
65775.1
65621.8
65444.2
65328.1
65268.2
65270
65169.1
65171.9
64782.1
64782.4
64654.8
64322.6
63447.8
63415.1
63346.3
62936.4
62935.8
62930.4
71546.5
71499.6
71501.6
71505.2
71508.3
71456.3
71424.5
71399.2
71394.5
71365.3
71364.5
71346.9
71335
71336.9
71095.2
70995.1
70361.4
69996.7
69852
69841.2
69839
69837.5
69833.4
74288
74290.2
74296.1
74300.9
74306.1
74319
74320.8
74334.8
73179
72656.2
71853.5
69550.7
67380.7
65886
65197.8
64015.3
62181.7
60369.9
59226.4
57505.4
56868.3
55477.6
54352.5
52060.8
49474
48620.5
48433.9
47381.4
46312.3
46120.7
45781.1
42814.3
42372.3
39992.5
39662
37799.6
37693.3
36506.7
35800.3
35338.5
34715.9
29568.1
28778.7
26479.2
26237.7
25736.5
57021.3
57020.3
57027.6
56975
56973.7
56974.4
56731.1
54280.4
53915.5
53914.8
53893.7
53884.8
53869.1
53849.8
53846.9
53341.2
53214
53218.1
52785.5
52780.8
52764.2
52677.6
52690.2
52682.4
51837.5
51357.2
50412.4
48765
46980.4
45013.7
43709.5
40610.4
39530.5
37716.3
37024.4
36772.3
36208.2
35632.5
35183.7
34517.5
33802.7
33214.6
31318.1
28472.9
28485.2
27443.4
26865.1
25345.9
25119.3
24962.7
24061.3
23743.9
22147.2
21884
21296
20452.7
18644.3
17337.7
16144.8
47.8896
54261.9
54230.5
54235.8
54232.3
53387.4
53388.7
53389.7
52823.1
52264.1
51302.5
51063.6
50532.8
49558.3
49214.8
48249.4
47805.1
46332.4
45145.5
43421.2
43037.6
42622.6
42166.8
41467.7
39402
38842.6
37607.4
36655.9
36427.1
36230.5
36056.7
35417.5
34673.5
32983.5
31565.9
31492.9
31362.3
29427
28323.3
27930.5
27779.7
26573.7
25731.3
24466.8
23480.8
23136.7
22257.9
6.23726
64511.7
64206.5
63602.8
63603.6
63588.2
62953.6
62953.3
62628.7
62453.1
62405.7
39111
39112.2
38226.4
37164.5
36981.5
35568.3
35545.7
35543.8
34843.9
33867.3
33826.2
39339.1
39247.7
39251.2
39196.2
39200.9
39186.7
39075.8
39073.2
38904.2
38904.1
38432.1
38391.5
38361.7
38276.4
37189.8
36538.2
36494.2
35870.2
35402
35032.7
33539.5
33160.5
32144.5
30993.9
30142.3
30033.4
29265.2
29120.4
26882.3
26060.3
25567.6
24963
24063.2
23953.8
23727.1
22222.6
22020.5
21340.3
21315.5
20917.7
19604.3
19402.3
18356
17776.1
16161.1
14499.8
14396.7
14316.3
14228.1
14150.7
14143.4
13892
13675.4
13253.2
12266.5
10777.7
10659.9
9843.27
9850.94
9014.61
8920.44
8851.62
22.1125
65930.7
64992.4
65019.8
65020.7
65051.2
65013.9
64056.7
63179.6
61861.5
61298.6
59728.9
58634.1
56260.8
54202.5
52030
51981.4
51857.6
49314
48091.2
47529
46442.5
46209.1
43462.4
42279
42094.6
42162.1
41278.8
40087.7
39907.6
38883.1
38677.3
38460.5
38423.3
37676.1
36694.6
34848.9
34846.5
34855.5
34867.1
34863.5
34701.3
34685.9
32318.4
30940
28599.5
27870.9
26743
26543.4
25709.8
25328.8
25072.8
24855.7
24745.6
24558.5
23644.3
23603.9
22941.1
22836.7
21904.6
17871.6
9.07808
38818.8
38842.5
38866.6
38868.1
38869.9
38634.3
38108.3
38066
36533.2
33874.7
33300.3
31688.7
30944
30868.1
30524.9
23342.6
23280.6
22783.2
22626.2
21452.2
21292.9
21258.5
21006
20469.7
19094.7
18720.2
18670.1
18652.8
18553.7
17231.9
17136.5
11563.4
11278.7
11262.2
10991.6
10808.9
9795.49
8561.65
26368.9
26372.6
26326.5
26327.8
21039.7
19947.1
18992.5
17794.5
16743.9
16569
16402.4
14884.1
14474.4
14316.5
13515.9
13474.1
13312
11975
11853.1
11758.3
11567.4
11443.4
11204.1
11057.9
10754.8
10719.8
10566
10388.2
27.1507
72893.3
72884.9
72668.8
72669.6
72670.5
72668.1
72632.4
72637.4
72637.3
72623.6
72617.5
72612.9
71175.8
71156.9
71158.8
71066.4
71068.8
71061.4
71063.9
71064.4
71010.7
70955.5
66157.1
66157.8
65617.8
65606.6
65593.2
65503.4
69876.9
69879.4
69861.5
69872.3
69850.8
69531.3
68124.6
67379
65055.1
62199.6
62191.4
62141.7
62138
62743.5
62741
62742.6
62701.3
62670.2
62606
62564
62440.3
60667.6
58919.8
57874.6
56533.7
53477.7
53171.3
52322.2
51336
50103.1
47242.3
47160.5
46305.1
45454.3
45012.8
44039.3
43744.5
41870.1
41507.7
39856.5
39132.1
22413.4
22394.6
22317.3
22308.5
21487.9
21299.9
21070.5
20879.9
20814.7
20327.6
20111.1
19238.6
18655
16395.8
16092.4
14566.6
14547
14444.2
13124.8
12495.9
12354.9
11639
11543.1
11139
11093.9
11042.9
10897
9993.89
8935.8
8933.87
8716.33
8610.6
8569.01
8516.55
8474.87
8476.3
8367.44
8306.99
8089.63
7224.62
7206.13
7170.39
7162.69
6746.19
6732.75
6564.95
5892.4
5771.32
5032.07
4959.07
3341.32
75230.3
75174.9
75156.1
72335
71876.9
66596.1
66241.7
66240.3
66239.4
66239.2
66238.1
65883.7
65883.6
65858.9
65859.6
65848.8
65846.1
65819.4
65821.4
65362.6
65322.3
64651.1
63828.4
62647.8
62282.1
62059
59180.6
56826.4
55321.2
54891.1
52872
52648.7
51647.2
50672.5
49534.8
48048.7
45665.7
45059.4
44977
44981.3
44983.7
44929.4
44928.3
44929.6
44770.4
44749.2
44927.8
44936.6
44946.5
44936
44771.5
43191.4
42936.2
42822.4
41500.5
39964.9
37387.2
37145
36975.9
36402.8
35089.4
33479.1
33238.9
31905.1
30499.4
30283.5
30141.5
28918.7
27046
26527.9
25350.8
25211.4
25141.9
24783.1
24708.2
24703.2
24702.2
24666.6
24651.3
24651.6
24637.6
24595
24519.1
24519
23179.5
23177.2
23177.6
22909.3
22906.9
22905.9
23833.1
23834.3
23265.2
23266.4
23261.9
22777.2
22732.2
22725
22722.9
21189.4
20747.1
20719.2
19946.9
19948.3
19950.4
19353.7
19346.4
19351.8
18812.3
18536.8
18441.5
18405.9
17495.4
17494
17460
17461.6
17463
17403.9
17364.4
16161.3
15757.6
25073.5
25082.6
25061.5
23869.4
23869.9
23861.4
23862.9
23829
23832.2
22398
20804.6
19996.4
18810.2
18636.1
18319.8
18023.5
17731.6
17511.3
16511.9
15292.9
15286.2
15285.6
15242.3
14677.2
14662.8
13882.6
13600.9
11944.3
11703.6
11708.1
11366.6
10474.2
10206.7
10119.8
10046.4
10004.1
7944.94
7706.74
6947.32
5990.85
13596
13577.3
12679.1
12254.7
12263.4
12149.8
11878.2
10595.5
10605.2
10611.8
10544.9
10484.9
10475.8
10252
10120.2
9761.77
9665.58
8865.38
8862.56
8239.93
8155.18
7984.77
7916.63
7632.87
7525.93
6317.22
5310.64
4715.66
4718.81
4653.97
4038.81
3799.08
3780.41
3766
3619.02
3577.48
3578.13
2713.54
2459.95
2447.24
2415.07
2368.96
2112.98
53045
53051
53052.1
53004.6
52449.3
55230
55198.8
54413.1
54427.4
54429.3
54394
54265.3
52645.1
52359.4
51926.8
50111.5
49915.6
49867.7
49439.6
49172
48025.6
47095.9
46821.1
46591.6
45563.8
43882.4
43732.2
42638.5
41101.7
40946.2
40426.8
40291.8
39699.8
38030.7
37703.5
37186.2
36618.1
36027.2
35123.7
33154.7
32883.6
32427.4
31000.2
29502.8
29496.3
28837.2
27293.4
26913.2
25852.9
24312.5
22224.9
22116.2
21914.3
21900.2
20038.2
53.2159
71885.6
71890.9
71119.5
71150
70674.3
70556
69719.2
69660.3
67933.3
67314.4
66754.9
65669.2
63137
63119.6
62182.7
71870.9
71879.3
71872.1
71873.4
71879.6
71890.8
71885.3
71899.2
71892.3
71902
71904.3
71947.7
71740.8
71423.7
68767.1
68364.1
67532.2
67396.5
65504
63765
56296.2
53285.7
51435.6
50544.1
49982.3
49500.7
49316.4
48988.5
47609.4
45673.7
44881.7
44266.5
42623.5
40561.8
39444.2
39210.1
35411.8
32478.2
31819.1
31213.9
31053.9
30801.7
30363.3
11439.1
37.2731
68499.4
68492.9
68496.8
68245.2
68249.7
68248.6
68051.3
67445.2
67374.6
67142.6
66933
64619.7
63177.1
63025.3
63024.3
62976.4
62964.1
62793
62768.6
62756.5
62754.7
62751.4
62731.1
73319.9
73322.4
73320.5
73364.2
73393.8
72967.2
72709.3
70960.9
70834.9
70766.8
70769.4
70781.8
65748.8
64207.3
59995
59525.6
59293
58080.8
57382.6
55668.3
53771.6
51278.5
50914.8
48171
46084.1
45937
44299
44112.9
43537.5
40530.5
40122.3
39158
38200.1
37782.3
36195.5
35876.8
35630.9
35224.6
34036.3
33725
33560.4
32934
31245
30459.5
29889.5
28686.2
27125.8
27092
22561.3
22469.6
9321.67
9249.86
9231.91
9142.06
9082.1
9073.86
8805.75
8735.66
8714.52
7493.5
6802.77
5898.34
4942.7
4929.04
4639.03
4621.93
4448.52
4426.53
4383.79
4330.84
4282.36
4254.39
4052.92
4049.8
4031.37
4020.95
4019.74
4004.99
2432.12
74282.9
74300.7
74330.1
74257.8
73711.1
73193.2
72402.2
71726.4
69247.6
69155.5
68657.5
66607.1
64492
62232.9
61281
61274
72958
72962.3
72886
72850.5
71810
71790
71784.1
71784.7
71784.5
66467.1
66467.4
66467.1
41908.3
41530.1
41532.1
41560
41566.8
41565.3
41527.1
41529.5
41531.8
41261.6
41277.3
41143.1
40467.3
39347.1
38025.2
37244.9
37133.4
35670.8
35276.5
31631.5
31631.5
31543.8
31540.7
31500.9
31116.3
30972.3
30666.7
30473.1
30311.2
28897.2
28801.2
28302.5
28131.5
26854
26616.5
26080.9
26078.2
25692.5
25402.9
24280
24164.7
24159.7
23378.8
23199.3
23183.9
23151.6
23149.3
22303.8
74465.1
74382.3
74035.7
74037
74030.4
74040.5
74059.8
73109.6
71735.2
70329.9
68202.6
66682.5
64270.9
62402.6
59916
59485.7
58105.7
56068.9
53986.6
53732.2
53477.9
39669.9
39093
38150.1
38111.3
35718.5
35479
34918.6
34412
32326.3
31203.2
30855
30436.1
30104.1
28695.3
28560.8
26563.9
26436.2
26215.8
26256.8
26131.3
26086.3
25073.3
104.93
67757.3
67757.5
67761.3
67763.8
66722.5
65890.8
64988.8
62356.6
60139
58808.7
58531.3
58478.3
58471.7
58353.9
58348.1
63528.1
63524.7
63546.1
63545.1
63535
63536.7
63548.4
61509.7
61503.4
58129.3
57281.2
55640.8
54159.7
34985.6
31992.7
30683.6
30399.2
30232.4
30165.1
30013.3
28089.2
28086
27336.2
27331
75.6537
72413.3
72367.7
72345.7
72207
71810.8
70873
69717.9
69259.3
68677.1
67949
67556.7
67555
67541.9
67500.6
67453
67703.4
67706.8
67473.1
67472.3
67474.6
67474.5
67476.6
67476.3
67455.1
67377.7
67306.3
67287
67279.8
48350.7
48326.4
48326.9
48151.1
47944.3
47943.8
47943.1
47936.4
47876.9
47833.5
49084.1
49090.8
49092
49084
49047.2
49034.9
49037.5
49025.4
49025.8
49023.6
49024.2
48254
48255.3
48250.4
48038.1
48038
48037.9
47771.2
47770.3
47769.7
47252.3
47249.8
47236.1
46334.2
46282.9
46278.5
46273.8
46258.5
46246.2
46190.2
46037
45239.2
45247.3
44737.3
44212
44230.3
34769.7
34305.6
33810.2
33588.1
32494.5
32493.5
32485.7
32463.2
32442.6
32437.9
32097.3
31857.1
30571.5
29493.8
29206.6
28109.6
26909.5
26749.3
26704.7
26553.7
26555.9
26491.8
26495.8
26459.1
26391.1
26330.8
26311.2
26206.8
24277.3
24230
23291.3
23095.2
22894.5
21916.8
21792.4
20746.5
19886.4
19533.2
18772.9
18726.2
18659.5
18651.3
18566.3
18466.1
17873.3
16117.9
16072.8
15892.3
14660.2
13641.6
12675
12494.6
12378
12093.6
12028.6
11164.6
11013.2
10932.4
10421.3
10389.8
10382.3
10362.1
9756.25
9748
9704.94
9615.45
8793.93
8766.78
8719.29
8611.86
8596.75
8308.33
8248.89
7840.81
7824.81
36316.1
36276
36202.3
36142.8
36109.5
36107.2
36038.7
35274.7
34320.5
33470
32842.5
31460.3
31300.6
30051.9
29852.6
29849.3
29499.7
29368.7
28374.1
27845.6
27802.1
27687.8
26940.9
25060.1
24915.3
24845.3
23795.3
22265.8
21649
21452.8
20234.6
19181
19020.3
18078.3
18005
17878.1
17779.4
17810.1
17735.4
17019.8
15534.6
15317.4
15205.4
10826.5
10783.9
10560.6
13.4583
72093.2
72100.8
72102
72103.8
72061.6
72068.6
71858
70891.6
70195.3
68411.4
67721.9
66541.3
66335.8
65361.5
65002.6
62483.4
62134.4
61744.4
61268.6
60062.9
58182.8
53168.6
52757.9
52410.1
51752.4
51448.6
50235.8
50220
49328.2
49194.2
48615.7
48315.5
46893.2
46723.4
46146.8
45269.4
45080.4
44884.8
44488.5
41922.7
36346.3
34512.7
32955.2
32666.7
31301.3
31090.4
30959.6
30722.8
30680.1
29463.6
28506.4
27615.2
27659.5
26380.4
26134.7
26011.9
25777
25582.9
24159.6
23296.7
22110.6
55.7371
69708.6
69701.9
69687.8
69696.8
69698
68470.3
68464.7
68469.8
68466.2
67765.6
67008.5
66641.9
65622.4
64560.9
64552.5
64323.5
62423.1
62422.2
62401.3
60755.8
60075.5
58040.6
56776.5
55644.9
48930.4
46566.9
45050.3
40903.8
39703.5
39584.8
39470.3
39434.6
39209.3
36835.2
36637.8
33217.8
30445.4
29759.1
29678.5
27867.4
26681.3
26410.6
26067.8
26103.9
24538.7
24452.7
24189.8
22906.3
21572.9
19694.1
19604.4
19146.3
18968.3
17755.2
16686.5
59260.2
59270
59280.1
58179.6
57307.2
55334.6
54890.8
54462.1
52674.1
51684.7
51132.4
49872.3
49133.2
45614.2
45219.3
43424.7
42133.8
41376.9
41213.4
40832.9
40000.7
39005
38890.1
38220.5
37802.3
36252.6
35541.9
35516.2
35370.2
32610.5
31785.8
30193.9
28934.8
28514.7
28256.2
27853.2
27828.4
27683.8
26757.2
26622.1
25387.7
23665.3
23456
22371.9
22285.2
22035.8
21839.6
20943.9
20812.9
20589.8
20470.1
20236.5
20172.1
18987.2
18896.7
18678.3
18603.9
14301.1
14.5786
48088.2
48092.2
48096.8
48102.5
48089.5
48060.2
47983.1
46461.9
46320.7
13974.7
13886.1
13878.3
13879.6
13883.3
13141.1
12870.3
12818.4
12802.6
12762.5
12483
12339.2
12202.4
12184.6
10650.7
10647
10647.1
10595.3
10595.1
10579.6
9821.93
9821.31
9734.3
9714.33
9385.86
9341.71
9316.11
8577.5
8561.42
7399.83
7400.9
7362.58
6773.2
6275.41
6127.77
4964.76
4044.18
2.45267
64346.9
64250.2
63983.5
63983
63960.3
63323.6
62897.2
62907.8
62916.8
62914.9
62916.8
62862.5
62893.4
62517.9
62298
59755.5
58538.8
56611.7
53934.8
52428.1
52274.3
52180.9
52150
52117.9
52116.1
51968.6
49651.6
49452
49459.1
48455.1
48356
48240.4
48154.9
48127.9
46387.4
44092.8
41768.2
33372
33181.3
31813.5
31417.5
28427.3
28255.7
27080.3
27007.3
26363.9
25888.4
25756.7
25156.4
25025.5
23636.6
23219.7
23175.8
23142.2
22952.7
22139.5
21927.5
20693.8
20458.5
18922.7
17658.5
17567.8
17039.5
16907.9
16740.7
16607.8
16217.5
15995.1
15962.7
15871
15693.7
15660.3
15569.2
14448.4
13931.2
13855.9
13765.9
13784.3
13661.1
12743.1
12641
12476.3
12316.2
11527.8
11500.2
11309.7
11257.3
9601.04
9489.1
9283.03
9102.48
74392.8
74360.7
74253
74143
74072.9
73955.7
73932.7
73798.6
73065.8
72850.8
71352.9
69806.2
68210.2
66047.9
65899.9
65676.5
65295.5
63748
63314.9
58558.3
57275.4
56641.1
55857.7
54547.4
52669
51407.5
50945.8
48357.4
47485.8
46560.9
45448.4
45150.4
43133.4
42313.5
41392.5
41369.5
41131.1
45495
44799.1
44801.1
44497.8
43928.9
43570.1
42760.2
41306.9
41288
41281.6
41273.3
40381.8
40378.2
40225
40127
39821.8
39484.8
39488.4
39492.9
38397.1
37897.6
37432.9
36238.2
35612
35608.6
35565.7
35577.8
35539.5
34550.4
33970.2
32904.3
32137
30404.1
29162.8
29136
27600.2
27058.2
26597
26519.3
25410.9
24602.1
24455.8
23992.8
23891.9
23785.5
23697.2
23619.3
23338.6
21078.4
20915.4
19303.1
19186
13.8449
72220
72199.4
72204.9
72208.4
72210.4
72212.3
72125.8
72128.7
72127.2
72136.8
72119.6
72128.4
71815.6
71587.6
69536.7
68807.6
67646.5
66079.3
66074.3
66062.4
66058.1
66038.5
65948.3
65945.6
65940.6
66349.6
66218.1
64314.2
64288.9
64282.7
64147.7
63129.6
62490.9
62471.5
62458.6
62462.7
62467
62153.1
61008
60845.2
60780.4
60483.6
60013.4
60014.1
60016
59312.1
59303.8
59307.4
59225.7
59127.3
57586.3
57398
57004.3
56835.9
55866.3
53472.1
51568.9
51292.7
49765.4
49164.8
49084.7
48899.6
48796
48692.3
48673.4
48130.2
48131.6
48077.1
48081.7
48066.4
48073.1
48011.5
45944
43486
42208.8
42025.9
41914.8
41324.5
40892.8
19022.4
19015
19035.5
19036.5
19039.4
18847.4
18792.5
18690.4
18688.9
18677.2
18521.5
18520.7
18512.9
18460.7
18445.3
18364.6
17205.5
17148.1
16604.7
16394.6
16395.9
16396.8
16192
16194.8
15377.2
15377.4
15375.6
15301.3
15256.5
13956.3
13952.6
72696.8
72699.6
72339.9
72331.6
72334.1
72319.7
72307.4
72302.3
72277.8
72280.3
72280.5
72280.6
71487.7
71485.7
69991
69995.6
69996.8
69840.7
69612.5
69634.7
69636.8
69640.5
69351
69348.7
68384.9
68178.4
67689.1
66974.3
66127.7
66134.6
65676.4
64500.6
64339.5
61093.2
60101.4
58578.6
52164.3
51391.1
51357.2
51348.7
50891.4
50884.2
50872.5
50851.4
50688.7
50678.4
50670.3
50663.4
50661.4
50663.1
50660
50359.8
50359.5
50078.9
50079
50078.8
50017
50013.3
50011.6
50001.5
49999.6
49856.8
66604.5
66595
66602.2
66605.7
65504.8
65116.1
64306.5
63981.3
62920.1
62849.6
61612.4
61561.4
61458.1
60942.3
60941.9
60879.5
60878.7
60873.8
60870.1
60869.1
60842.4
62707.6
62728.3
62721.3
62693.4
62656.5
62143.8
62100.2
62083.8
62072.3
62062.7
61945.1
61963.9
61965.9
61274.9
61268
61304.3
61309.9
61316.1
59944
57518.1
57304.8
55140.1
54794.4
54682.9
50733.8
49069.7
48054
46683.3
45305.4
44979.4
40487.7
40456.7
39368.8
37828.1
37524.9
36566.7
35514.7
33955.2
33958.1
33772.3
32873.5
30657.5
29964.6
28294.5
26458.5
25695.8
25424.9
25241.3
25120.1
23826.1
23727.7
23429.8
22220.1
22189.8
22093.4
21865.5
21747.7
19901.1
19596.4
18715.4
18551.2
18506.4
18408.3
18019.8
16689.1
16643.8
16385.2
16350.6
16318.2
16235.6
15199.7
15186.4
71806.3
71811.8
71823.8
71830.8
71824
71827.3
71832.8
71828.1
71052.1
71020.7
70969.7
70950.3
70756.7
70676.5
70590
70567.5
70566.8
70565.4
70484.2
70483.8
70413.3
70413.2
70413.6
70273.2
70251.1
69985.8
68357.5
67611.8
67275.2
67324.2
64727.5
64110.2
62214.8
62066.5
61336.2
59914.4
57670
56390.5
55730.4
52950
52826.2
51105.4
50369
50318.1
49424.1
48801.7
47439.7
46077.2
41631.8
62175.5
62162.3
62168.2
62159.6
61394
60864.4
59066.2
56781.8
55750
55344
54018.6
52473.8
52198
50907.1
46810
46222.6
44216.3
43923
41383.3
39818.5
38437.7
37978.3
37707.8
35698.4
35254.4
34977.1
34632
34369.7
34143.2
33615.9
33280.8
32368.3
31931.4
31069.5
30424
30212.8
28747.7
28563.3
28357.5
27499.9
25640.2
24305.5
22864.2
21390.4
21217.5
20166.8
19928.7
19613.1
19561.3
19387.5
17915.7
17264.4
17164.2
16013.8
14881.4
14535.5
14424.3
14382.4
14403.1
14282
14245.8
14118.3
13786.7
13089.8
13040
12574.2
12573.2
12571.6
12570.5
12507.9
12365.7
12366.2
12341.3
12342.3
12275.7
12276.6
11830.8
11195
11086.5
10923.7
10889.4
10824.7
10323.2
10300.9
10302.3
10283.7
10256.5
9964.06
8911.44
8914.42
8913.32
8909.4
8289.45
8246.4
8193.17
8201.85
8161.98
8010.51
7982.02
7895.65
7895.14
7894.37
7893.51
7892.82
7891.03
7553.36
7521.44
7522.7
7522.85
7502.84
7448.96
7452.61
7366.33
6751.19
6741.35
6727.49
6700.53
6537.09
6496.49
6437.49
6366.62
6119.3
6041.27
6040.86
5878.36
5740.95
5685.8
5666.18
5471.04
5406.69
5405.45
5405.9
5257.79
5237.78
5177.95
5178.8
5110.78
5112.43
5057.03
5059.16
5060.98
5051.61
4900.72
4901.63
4886.08
4773.4
4776.71
4683.64
4682.97
3471.37
621.038
588.085
588.159
400.297
400.692
157.564
157.594
45012.7
44876.5
44313
44313.9
44204.8
43651.6
43509.8
38827.3
37210
35128.4
33953.7
33737.5
33611.6
32840.5
32511.2
31878.8
31160.8
29926
29877.7
29870.3
29838.8
29849.4
29868.6
29668
29568
28543
28411.3
28336.7
28026.5
26357.6
26030.5
25680.8
25442.9
21650
21594.7
20588
20415.8
19717.4
19565.3
19451
19407.9
18669.4
17947.7
17734.4
17613.5
17480.4
17027.5
16854.7
16846.2
15345.4
15283.2
15208.6
15147.7
14988.7
14400.3
14310.4
14259.6
14195.1
14143.1
14118.5
13239.1
12908.2
12842.7
9873.28
4.93042
68223
65834.1
65829.2
65830.9
65833.2
65688.8
65193
65199
65049.9
65051.3
64636.7
64518
64515.2
64407.4
64403.9
63876.5
63874.4
63553.1
63556.1
63564.5
63593.9
63575.2
63591.8
62326
58368.5
56708.3
55850.4
55761.6
54669.2
52205.4
51957.1
50547.6
49145.7
45402.8
42839.3
41466.6
41324.6
41150.7
39628.1
38995.4
38191.1
37879.9
35705.6
35551.3
35047.1
32881.3
32591.9
31242.6
30931.6
30700.9
30500.3
23220.8
22425.9
20523.2
19105.7
19004.5
18700.7
16784.3
16670.7
16268.4
15904.1
15264.4
14918
14872.6
14723.6
13739.9
13306.5
13258.2
13096.3
13044.8
12972.8
12811
12793.8
21.8913
75357.6
74930.5
74921.2
74931.4
74430.6
74438.6
74434.5
73346.3
73253.1
68988
68098.9
66783.4
65970.1
65868.9
65885.2
65715
65111.2
64857.1
63770.7
63509.5
61486.2
60954.4
60792.3
58179.3
56720.7
54978.7
54834
53845.6
53694.5
51955.8
50231.3
48216.9
46952
44655.9
43366.3
42075.4
42049.2
42047.8
41991
41994.6
41997.2
41987.9
41886.6
41888.2
40236.9
40236
40033.9
40028.4
40026.7
40023.3
39986.7
39980
39520.8
39530.4
39461.3
39473.9
38917.4
38291.2
37260.2
36942.7
36715.8
35366.7
35216.7
34654.9
34213.3
33988.3
32635.3
30974.3
29780
29319.8
28776.6
28629.3
27222.4
26953
26781.5
25952.3
25696.4
23965.4
23956.9
23936.2
23935.1
23933.7
23000.5
23001.7
22915.7
22912.6
21858.7
21655.8
21655.4
21620.1
21618.7
21612.8
21598.6
21608.6
21608.6
21609.5
21591.2
21518.3
21506.7
21450.2
21451.9
21453.5
21456.2
21184.5
21171.2
19922.8
19770.7
19635.5
19331.8
18762.1
18692.3
17677.9
17625.6
17578.6
17284.5
17081.9
16892.3
16834.6
16778.1
16605.3
16585.1
16366.6
15619.9
14258.6
13352.4
13292.5
13239.2
13193.4
11889.9
11450.9
11249.3
11257.5
10757.2
10642
10603.9
10329.7
10267.3
10237
9637.3
8798.91
8680.84
8539.54
6658.78
6618.49
6580.7
6573.91
6518.24
6480.5
6244.05
6247.45
6214.02
6149.86
6018.09
5983.86
5866.94
5822.75
10.2597
76064.7
76074.6
75454.4
74818.3
73627.3
72605.5
72046.5
71603.5
69297.4
66075.5
65384.3
65235.6
64126.6
64111.5
64103.5
64099.2
64065
64057.4
64065.5
63971.9
63823.1
63780.7
63029.4
62567.7
59661.9
57837.5
57184.5
56040.3
55359.9
54788.6
53309.1
52929.3
52536.3
52367.7
52017.7
50958
48396.3
48108.5
47783.4
47640.8
47323.8
47123.8
43732.6
40721.1
40452.5
38746.1
38513.9
36907.3
36312.2
35174.8
35150.5
34656.8
31277.2
30751.2
30330.8
29923.4
28486.9
26780.7
23909.4
23573.3
21928.6
20800.8
20777.7
20631
20077.3
19409.5
18848.1
18529.1
17401.2
17136.1
16109.3
15634.3
14625.5
14256.9
14128.3
13184
12962.6
12901.3
12790.9
28.1239
67836.5
66783.1
66803.4
66683.5
66704.9
66688.1
65292.7
63073.6
61981.5
59862.8
59716
59480.6
59432.9
58802.6
57566.8
55976.9
53722.8
49746.2
47654.2
46637.8
46604.5
46555.5
46539.3
46443.1
46290.5
46299.1
45677.4
45670.4
45626.9
45556.4
44928.2
44726.3
44065
43496.2
42434.7
41108
41013.4
40494.6
37396.7
37317
37220.1
37263.6
28224.6
28134.6
27832.7
26401.6
24836.2
22630.7
20328.5
19759
45782.3
45793.1
45808.7
45833.7
45713.2
45553.6
45552.8
45511.6
45467.6
45309.3
45289.1
45209.6
45204.7
45205.7
45207.9
43249
43260.7
43263.1
43229.1
42011.5
41908.4
41523.9
41239.5
41173.3
39269.9
39168.1
39172.6
39176
39192.2
39189.2
39192.6
39141.5
39145.4
39121.1
39121.9
39124.5
39127.7
38957.3
38922.2
38398.9
38260.1
38257.9
37233.3
37061
36995
36973.4
36966.7
36959.8
41743.2
41745.7
41353.6
41321.5
41323.9
41147.6
41141.9
41045.7
40255.6
40101
38540.3
38461.3
38409.7
36443.8
36235.6
36172.2
36027.9
35737.1
35153.6
34890.7
34506.4
33755.9
31518.2
30911.5
30525.1
30401.6
30222.1
30188.6
28942.2
28662.1
28564.5
28206.4
27909.9
25746.4
25456.5
25307.1
25222.5
25020.7
24491
24286.9
23760.1
23683.1
23537.9
23438.6
23394.3
23371
23188.9
22918
22814.9
22805
21389.4
21246.9
20994.4
20781.7
19650.4
19363.2
19310
18886.1
18287.2
18245.4
17907.4
17806.5
17641.4
16137.7
16096.8
15510.4
14875.9
13038.8
13015.2
12923.4
48435.6
48123.5
47998
47999.2
48008.5
47710
46506.9
45973
44949.2
44354.1
39174.1
39184.5
39036.1
37387.1
36559
35875.8
34219
33748.7
33525.2
33278
32506.4
31089.4
30872.5
30842.8
30323.9
29192.3
28956.8
28904.2
28378.3
28264.5
27590.9
27494.4
27152.6
26728.2
26665
26288.6
25492.5
24773.2
24300.9
24222.2
24086.6
23111.7
22281.3
21022.1
20924
20857.5
17.1446
75761.3
75773.9
75782.8
75784.8
75769.6
75766
75687
74929.2
74948.8
73716.7
71912
70031.5
68996.7
67191.2
66484.6
66333.7
65706
65315.2
61380.7
59604.8
59001.1
58311.3
57997.8
56325.8
54772.2
53226.2
52684.8
50747.6
46632.4
45775.5
45403.1
44200.5
43878.3
43433.1
41583.2
41474.7
40574
39667.2
39188.3
37801.8
36609.6
36335.7
36266.1
36268.7
36231
36189.3
36160.3
36122.3
36125.6
31768.1
31607.4
30194
29043.7
28723.8
26200.3
26174.7
26191.3
26121.3
25132.5
24978.4
24407.4
24389.8
22887.3
22828.9
22298.8
22206.1
22133.1
22022.1
20510.9
20419.5
20391.4
20289.5
19681.6
18688.8
18660.2
18572.2
18414.2
18314.6
16085.6
15290.7
15242.5
15019
14146.6
12754.9
12480.6
12092
12070.6
11416.3
11301.2
10655.2
10290.4
10223.9
10175.3
9890.4
9852.24
13.2434
35962.9
35958.6
35086.5
35087.8
35065.7
35069.2
34895.7
34852.1
34388.3
31298.5
31067.7
30656.2
30208.8
28175.2
27500.1
27115.2
26716.4
26659.3
25664.8
24208.6
24028.4
23864.9
23155.6
21807.6
20732.8
18.2883
73627.7
73632.4
73619.4
73608.7
73617.9
72586.9
72591.5
72354.4
72269.9
72078.5
70644
69748.5
68559.9
68028.6
66758.9
66573.4
66565.5
66053
66054.4
66009.8
66006.2
65974.3
65960
65953.6
65896.9
65805
65805.9
65781.8
65786.9
65189.8
63921.1
63534.3
62855.7
62775.4
62778.6
62867.2
62377.7
60960.7
60300
59677
57475.9
56486.3
53432.7
52536.5
50233.7
49512
46582
46391
45915.8
45825.9
45732.2
45022.3
44196.4
43326.5
36416.1
36030.2
34038.7
33834.1
32488.3
161.288
61550.7
61558.7
61035.9
61049.6
61069.8
59492.9
59252.9
58416.5
55710.8
55238.8
53105.4
51495.7
50069.7
51921.3
51926.5
51607.6
50679.5
50579.7
49801.2
49021.9
48981.5
48332.7
47588.5
47573.8
45442.2
45313.7
43251
42360.3
41925.9
41034.4
39350.4
36905.2
35144.4
34878.3
32550.6
23372.9
22330.2
21943.1
21569.6
21301.3
20067.4
16079.1
15991.6
15940.9
15795.8
15738.7
15104.5
14302.9
13793.9
13730
13678.1
12890
12822.2
72806.4
72825.3
72832.7
72824.8
72121.1
71939.8
71184.2
70809
69249.2
67197
67083.6
63504.5
62540
60449.8
57839.4
55768.4
54227.5
53542.2
53251.8
51024.7
50228.2
49094.4
47669.7
47743.7
46876
46352.7
45389.4
44348.5
43205.4
42019.5
40890.2
40290.8
36476.1
35855.8
35766.7
13512.7
13535.4
12580.2
12590.1
11617.9
11428.1
9727.8
65158
65160.2
65145.9
65146.3
65131.5
65132.2
65133.7
65125.5
65125.4
65126.1
69887.1
69262.7
68874.9
68771.2
68674.7
65115.2
63199
62140.2
61385.6
59703
57942.5
57155.4
56852.4
55501
54573.9
51384.2
49721.7
48851.7
48165.4
46788.8
46668.1
46002
45973.3
45479.4
44380.9
43517.2
43023.5
41305.5
40820.3
40096.8
38809.1
37956.3
36872
36113.1
35389.6
34832.6
34438.5
32919.7
32774.8
30279.2
20103.4
19988
19536.8
19144.3
18303
18099.5
17779
17640.7
15089
15043
15034.6
14242.2
28.2902
50252
50253.9
50206.8
50240.8
49151.3
48497.3
47618.2
47227.3
47222.3
73148.3
73135.1
73007.7
73008.4
72946.2
72899.7
72857.9
72752.4
71969.2
71970.3
71958.5
71956.5
71951.2
71904.8
71864.2
71858.5
71858.2
71839.5
70832.3
70833.4
70820
70813.4
70813.5
70751.8
70752.8
70609.7
70442.2
70358
70358.7
70229.1
70228.3
70192.4
41020.1
40671.3
40597.4
39807.6
39657.2
38914.8
38590.8
38474.2
36250.9
35085.2
35002.4
33549.7
31904.6
31733.9
30445.5
29419.2
28263.1
28141.2
27963.2
27605
27400.4
27160.5
25281.1
25130.2
23608.5
23308.3
23210.3
22556
21788
21695.8
20689.4
19226
17656.6
17613.1
13560.8
13485.6
13202.4
13116.9
12998.9
70503.4
70493
70498.3
70501
70506.1
70502.9
70470.1
70469.5
70505.8
69370.7
69171.4
68406.4
68022.7
67817.4
67120.2
65101.6
53610
53137.5
53133.4
53111.6
53111.3
53114.2
53010.4
52934.3
52909.3
52675.9
52670.2
52634.2
52635.4
52595.3
52400
46487.2
46334.4
45163.3
44920
44892.8
43956.2
43824.9
41504.2
40361.8
39866.8
39584.7
38909.7
38166.3
37916.7
37322.3
34349.9
33950.4
32172.5
31254.2
30918.8
29205.4
28541.1
28299.4
26556
26496.6
24489.3
24194.4
4476.53
25194.5
25191
25197.2
25194.6
25097
25069.8
24433.3
23465.6
23301.9
22993.8
22804
22788.9
21554.5
21508.8
21249.1
20491.2
19348.1
19326.9
19139.3
19024.8
18959.8
18529
18267.7
16949.2
16911.9
15800
15566.5
15534.3
15365.8
15279.5
15121.6
14015.2
14001.3
13935.7
13911
13911.7
13386.7
13371.3
13370
13037.1
13035.3
13033.5
13031.1
13030.5
13030.7
13029.1
13012.5
12987.3
12942.7
12316.6
12302.2
12303.9
11466.6
11295.9
11233.4
10198.1
8505.22
8300.21
7614.94
6980.58
6940.22
6714.32
6700.25
6645.38
6621.67
6508.03
6368.14
5873.39
5874.78
5097.22
5079.46
5062.14
4258.07
4177.25
4173.82
4170.6
1891.62
1892.69
1853.65
1852.32
1852.26
26505.8
26498.2
26499.5
25713.9
25642.6
25639.3
27638.9
27639.9
27546.6
27547.5
27549.5
27224.2
27149.6
26433.1
26329.8
26060.2
26042.6
24432.6
24436
24406.2
24270.6
22338.2
22312.5
21256.2
20479.8
20086.1
20053.6
19311.4
19173.6
18122.2
17304.4
17207.9
16090.3
15964.7
15142.7
12931
12845.8
12259.7
10902.8
10586.5
9890.28
9773.98
9698.88
9711.07
9707.16
9704.55
8808.76
8806.33
8778.61
8097.21
7914.17
7910.17
7876.91
7851.07
7752.16
7727.13
12.7549
71515
71536.5
71543.2
71544.8
71554.3
71548.2
71542.4
71559.5
71571
70750.6
69938.5
67554
66469
66231.1
65521.7
64855.2
64405.6
64225.6
64216.7
64211.5
64210.8
64209.4
64210.2
64211.4
64195.6
46088.3
46071.3
46072.1
46036.7
46037.2
46036.7
46035.9
46035.5
46036.4
45891.3
45844.7
44414.6
43167.5
42895.1
42486.3
42447.8
42231
42196.5
42178.3
42183.6
42209.4
41243.5
41113
40780.3
40213.8
40128.8
39361.1
39033.4
35751
32043.4
28829.3
28364.3
27046.4
26948.5
26916.5
26893.7
26853.3
26747
26748.7
26708.9
26711.9
26719
26680.3
26540.8
26273.7
24719.9
24539
24279.2
22120.3
22077.9
21772.5
21471.2
19540.5
19122.3
18886
18395.7
17070.9
17011.3
16974.6
16336
15100.4
14728.6
13483.1
13433
13325.2
12159.1
11.112
53287.9
53298
53196.8
53136
53141.9
52875.2
51981.9
49341
49208.3
48922.5
34998.4
34864.6
29949
21463.7
21379.7
21203.9
21177.1
20158.2
20018.1
20021.8
